vSweep,vd,vg,id,vth0_nom,u0_nom,rdsw_nom,nfactor_nom,vsat_nom,eta0_nom,delta_nom
1.00000000e-02,1.00000000e-02,1.48000000e+00,3.77768827e-05,1.38798948e+00,1.58392476e+00,1.00453786e+00,1.59900868e+00,3.22562841e+01,1.42680266e+00,5.69416174e+00
2.00000000e-02,2.00000000e-02,1.48000000e+00,7.51095136e-05,1.38798948e+00,1.58392476e+00,1.00453786e+00,1.59900868e+00,3.22562841e+01,1.42680266e+00,5.69416174e+00
3.00000000e-02,3.00000000e-02,1.48000000e+00,1.11996462e-04,1.38798948e+00,1.58392476e+00,1.00453786e+00,1.59900868e+00,3.22562841e+01,1.42680266e+00,5.69416174e+00
4.00000000e-02,4.00000000e-02,1.48000000e+00,1.48436297e-04,1.38798948e+00,1.58392476e+00,1.00453786e+00,1.59900868e+00,3.22562841e+01,1.42680266e+00,5.69416174e+00
5.00000000e-02,5.00000000e-02,1.48000000e+00,1.84427594e-04,1.38798948e+00,1.58392476e+00,1.00453786e+00,1.59900868e+00,3.22562841e+01,1.42680266e+00,5.69416174e+00
6.00000000e-02,6.00000000e-02,1.48000000e+00,2.19968931e-04,1.38798948e+00,1.58392476e+00,1.00453786e+00,1.59900868e+00,3.22562841e+01,1.42680266e+00,5.69416174e+00
7.00000000e-02,7.00000000e-02,1.48000000e+00,2.55058889e-04,1.38798948e+00,1.58392476e+00,1.00453786e+00,1.59900868e+00,3.22562841e+01,1.42680266e+00,5.69416174e+00
8.00000000e-02,8.00000000e-02,1.48000000e+00,2.89696060e-04,1.38798948e+00,1.58392476e+00,1.00453786e+00,1.59900868e+00,3.22562841e+01,1.42680266e+00,5.69416174e+00
9.00000000e-02,9.00000000e-02,1.48000000e+00,3.23879043e-04,1.38798948e+00,1.58392476e+00,1.00453786e+00,1.59900868e+00,3.22562841e+01,1.42680266e+00,5.69416174e+00
1.00000000e-01,1.00000000e-01,1.48000000e+00,3.57606444e-04,1.38798948e+00,1.58392476e+00,1.00453786e+00,1.59900868e+00,3.22562841e+01,1.42680266e+00,5.69416174e+00
1.10000000e-01,1.10000000e-01,1.48000000e+00,3.90876888e-04,1.38798948e+00,1.58392476e+00,1.00453786e+00,1.59900868e+00,3.22562841e+01,1.42680266e+00,5.69416174e+00
1.20000000e-01,1.20000000e-01,1.48000000e+00,4.23689008e-04,1.38798948e+00,1.58392476e+00,1.00453786e+00,1.59900868e+00,3.22562841e+01,1.42680266e+00,5.69416174e+00
1.30000000e-01,1.30000000e-01,1.48000000e+00,4.56041458e-04,1.38798948e+00,1.58392476e+00,1.00453786e+00,1.59900868e+00,3.22562841e+01,1.42680266e+00,5.69416174e+00
1.40000000e-01,1.40000000e-01,1.48000000e+00,4.87932912e-04,1.38798948e+00,1.58392476e+00,1.00453786e+00,1.59900868e+00,3.22562841e+01,1.42680266e+00,5.69416174e+00
1.50000000e-01,1.50000000e-01,1.48000000e+00,5.19362065e-04,1.38798948e+00,1.58392476e+00,1.00453786e+00,1.59900868e+00,3.22562841e+01,1.42680266e+00,5.69416174e+00
1.60000000e-01,1.60000000e-01,1.48000000e+00,5.50327643e-04,1.38798948e+00,1.58392476e+00,1.00453786e+00,1.59900868e+00,3.22562841e+01,1.42680266e+00,5.69416174e+00
1.70000000e-01,1.70000000e-01,1.48000000e+00,5.80828398e-04,1.38798948e+00,1.58392476e+00,1.00453786e+00,1.59900868e+00,3.22562841e+01,1.42680266e+00,5.69416174e+00
1.80000000e-01,1.80000000e-01,1.48000000e+00,6.10863119e-04,1.38798948e+00,1.58392476e+00,1.00453786e+00,1.59900868e+00,3.22562841e+01,1.42680266e+00,5.69416174e+00
1.90000000e-01,1.90000000e-01,1.48000000e+00,6.40430637e-04,1.38798948e+00,1.58392476e+00,1.00453786e+00,1.59900868e+00,3.22562841e+01,1.42680266e+00,5.69416174e+00
2.00000000e-01,2.00000000e-01,1.48000000e+00,6.69529825e-04,1.38798948e+00,1.58392476e+00,1.00453786e+00,1.59900868e+00,3.22562841e+01,1.42680266e+00,5.69416174e+00
2.10000000e-01,2.10000000e-01,1.48000000e+00,6.98159610e-04,1.38798948e+00,1.58392476e+00,1.00453786e+00,1.59900868e+00,3.22562841e+01,1.42680266e+00,5.69416174e+00
2.20000000e-01,2.20000000e-01,1.48000000e+00,7.26318973e-04,1.38798948e+00,1.58392476e+00,1.00453786e+00,1.59900868e+00,3.22562841e+01,1.42680266e+00,5.69416174e+00
2.30000000e-01,2.30000000e-01,1.48000000e+00,7.54006963e-04,1.38798948e+00,1.58392476e+00,1.00453786e+00,1.59900868e+00,3.22562841e+01,1.42680266e+00,5.69416174e+00
2.40000000e-01,2.40000000e-01,1.48000000e+00,7.81222701e-04,1.38798948e+00,1.58392476e+00,1.00453786e+00,1.59900868e+00,3.22562841e+01,1.42680266e+00,5.69416174e+00
2.50000000e-01,2.50000000e-01,1.48000000e+00,8.07965386e-04,1.38798948e+00,1.58392476e+00,1.00453786e+00,1.59900868e+00,3.22562841e+01,1.42680266e+00,5.69416174e+00
2.60000000e-01,2.60000000e-01,1.48000000e+00,8.34234311e-04,1.38798948e+00,1.58392476e+00,1.00453786e+00,1.59900868e+00,3.22562841e+01,1.42680266e+00,5.69416174e+00
2.70000000e-01,2.70000000e-01,1.48000000e+00,8.60028866e-04,1.38798948e+00,1.58392476e+00,1.00453786e+00,1.59900868e+00,3.22562841e+01,1.42680266e+00,5.69416174e+00
2.80000000e-01,2.80000000e-01,1.48000000e+00,8.85348555e-04,1.38798948e+00,1.58392476e+00,1.00453786e+00,1.59900868e+00,3.22562841e+01,1.42680266e+00,5.69416174e+00
2.90000000e-01,2.90000000e-01,1.48000000e+00,9.10193002e-04,1.38798948e+00,1.58392476e+00,1.00453786e+00,1.59900868e+00,3.22562841e+01,1.42680266e+00,5.69416174e+00
3.00000000e-01,3.00000000e-01,1.48000000e+00,9.34561968e-04,1.38798948e+00,1.58392476e+00,1.00453786e+00,1.59900868e+00,3.22562841e+01,1.42680266e+00,5.69416174e+00
3.10000000e-01,3.10000000e-01,1.48000000e+00,9.58455362e-04,1.38798948e+00,1.58392476e+00,1.00453786e+00,1.59900868e+00,3.22562841e+01,1.42680266e+00,5.69416174e+00
3.20000000e-01,3.20000000e-01,1.48000000e+00,9.81873255e-04,1.38798948e+00,1.58392476e+00,1.00453786e+00,1.59900868e+00,3.22562841e+01,1.42680266e+00,5.69416174e+00
3.30000000e-01,3.30000000e-01,1.48000000e+00,1.00481590e-03,1.38798948e+00,1.58392476e+00,1.00453786e+00,1.59900868e+00,3.22562841e+01,1.42680266e+00,5.69416174e+00
3.40000000e-01,3.40000000e-01,1.48000000e+00,1.02728374e-03,1.38798948e+00,1.58392476e+00,1.00453786e+00,1.59900868e+00,3.22562841e+01,1.42680266e+00,5.69416174e+00
3.50000000e-01,3.50000000e-01,1.48000000e+00,1.04927743e-03,1.38798948e+00,1.58392476e+00,1.00453786e+00,1.59900868e+00,3.22562841e+01,1.42680266e+00,5.69416174e+00
3.60000000e-01,3.60000000e-01,1.48000000e+00,1.07079786e-03,1.38798948e+00,1.58392476e+00,1.00453786e+00,1.59900868e+00,3.22562841e+01,1.42680266e+00,5.69416174e+00
3.70000000e-01,3.70000000e-01,1.48000000e+00,1.09184615e-03,1.38798948e+00,1.58392476e+00,1.00453786e+00,1.59900868e+00,3.22562841e+01,1.42680266e+00,5.69416174e+00
3.80000000e-01,3.80000000e-01,1.48000000e+00,1.11242370e-03,1.38798948e+00,1.58392476e+00,1.00453786e+00,1.59900868e+00,3.22562841e+01,1.42680266e+00,5.69416174e+00
3.90000000e-01,3.90000000e-01,1.48000000e+00,1.13253218e-03,1.38798948e+00,1.58392476e+00,1.00453786e+00,1.59900868e+00,3.22562841e+01,1.42680266e+00,5.69416174e+00
4.00000000e-01,4.00000000e-01,1.48000000e+00,1.15217357e-03,1.38798948e+00,1.58392476e+00,1.00453786e+00,1.59900868e+00,3.22562841e+01,1.42680266e+00,5.69416174e+00
4.10000000e-01,4.10000000e-01,1.48000000e+00,1.17135017e-03,1.38798948e+00,1.58392476e+00,1.00453786e+00,1.59900868e+00,3.22562841e+01,1.42680266e+00,5.69416174e+00
4.20000000e-01,4.20000000e-01,1.48000000e+00,1.19006462e-03,1.38798948e+00,1.58392476e+00,1.00453786e+00,1.59900868e+00,3.22562841e+01,1.42680266e+00,5.69416174e+00
4.30000000e-01,4.30000000e-01,1.48000000e+00,1.20831988e-03,1.38798948e+00,1.58392476e+00,1.00453786e+00,1.59900868e+00,3.22562841e+01,1.42680266e+00,5.69416174e+00
4.40000000e-01,4.40000000e-01,1.48000000e+00,1.22611933e-03,1.38798948e+00,1.58392476e+00,1.00453786e+00,1.59900868e+00,3.22562841e+01,1.42680266e+00,5.69416174e+00
4.50000000e-01,4.50000000e-01,1.48000000e+00,1.24346669e-03,1.38798948e+00,1.58392476e+00,1.00453786e+00,1.59900868e+00,3.22562841e+01,1.42680266e+00,5.69416174e+00
4.60000000e-01,4.60000000e-01,1.48000000e+00,1.26036610e-03,1.38798948e+00,1.58392476e+00,1.00453786e+00,1.59900868e+00,3.22562841e+01,1.42680266e+00,5.69416174e+00
4.70000000e-01,4.70000000e-01,1.48000000e+00,1.27682208e-03,1.38798948e+00,1.58392476e+00,1.00453786e+00,1.59900868e+00,3.22562841e+01,1.42680266e+00,5.69416174e+00
4.80000000e-01,4.80000000e-01,1.48000000e+00,1.29283958e-03,1.38798948e+00,1.58392476e+00,1.00453786e+00,1.59900868e+00,3.22562841e+01,1.42680266e+00,5.69416174e+00
4.90000000e-01,4.90000000e-01,1.48000000e+00,1.30842396e-03,1.38798948e+00,1.58392476e+00,1.00453786e+00,1.59900868e+00,3.22562841e+01,1.42680266e+00,5.69416174e+00
5.00000000e-01,5.00000000e-01,1.48000000e+00,1.32358100e-03,1.38798948e+00,1.58392476e+00,1.00453786e+00,1.59900868e+00,3.22562841e+01,1.42680266e+00,5.69416174e+00
5.10000000e-01,5.10000000e-01,1.48000000e+00,1.33831687e-03,1.38798948e+00,1.58392476e+00,1.00453786e+00,1.59900868e+00,3.22562841e+01,1.42680266e+00,5.69416174e+00
5.20000000e-01,5.20000000e-01,1.48000000e+00,1.35263817e-03,1.38798948e+00,1.58392476e+00,1.00453786e+00,1.59900868e+00,3.22562841e+01,1.42680266e+00,5.69416174e+00
5.30000000e-01,5.30000000e-01,1.48000000e+00,1.36655188e-03,1.38798948e+00,1.58392476e+00,1.00453786e+00,1.59900868e+00,3.22562841e+01,1.42680266e+00,5.69416174e+00
5.40000000e-01,5.40000000e-01,1.48000000e+00,1.38006537e-03,1.38798948e+00,1.58392476e+00,1.00453786e+00,1.59900868e+00,3.22562841e+01,1.42680266e+00,5.69416174e+00
5.50000000e-01,5.50000000e-01,1.48000000e+00,1.39318638e-03,1.38798948e+00,1.58392476e+00,1.00453786e+00,1.59900868e+00,3.22562841e+01,1.42680266e+00,5.69416174e+00
5.60000000e-01,5.60000000e-01,1.48000000e+00,1.40592296e-03,1.38798948e+00,1.58392476e+00,1.00453786e+00,1.59900868e+00,3.22562841e+01,1.42680266e+00,5.69416174e+00
5.70000000e-01,5.70000000e-01,1.48000000e+00,1.41828350e-03,1.38798948e+00,1.58392476e+00,1.00453786e+00,1.59900868e+00,3.22562841e+01,1.42680266e+00,5.69416174e+00
5.80000000e-01,5.80000000e-01,1.48000000e+00,1.43027669e-03,1.38798948e+00,1.58392476e+00,1.00453786e+00,1.59900868e+00,3.22562841e+01,1.42680266e+00,5.69416174e+00
5.90000000e-01,5.90000000e-01,1.48000000e+00,1.44191144e-03,1.38798948e+00,1.58392476e+00,1.00453786e+00,1.59900868e+00,3.22562841e+01,1.42680266e+00,5.69416174e+00
6.00000000e-01,6.00000000e-01,1.48000000e+00,1.45319691e-03,1.38798948e+00,1.58392476e+00,1.00453786e+00,1.59900868e+00,3.22562841e+01,1.42680266e+00,5.69416174e+00
6.10000000e-01,6.10000000e-01,1.48000000e+00,1.46414245e-03,1.38798948e+00,1.58392476e+00,1.00453786e+00,1.59900868e+00,3.22562841e+01,1.42680266e+00,5.69416174e+00
6.20000000e-01,6.20000000e-01,1.48000000e+00,1.47475754e-03,1.38798948e+00,1.58392476e+00,1.00453786e+00,1.59900868e+00,3.22562841e+01,1.42680266e+00,5.69416174e+00
6.30000000e-01,6.30000000e-01,1.48000000e+00,1.48505179e-03,1.38798948e+00,1.58392476e+00,1.00453786e+00,1.59900868e+00,3.22562841e+01,1.42680266e+00,5.69416174e+00
6.40000000e-01,6.40000000e-01,1.48000000e+00,1.49503489e-03,1.38798948e+00,1.58392476e+00,1.00453786e+00,1.59900868e+00,3.22562841e+01,1.42680266e+00,5.69416174e+00
6.50000000e-01,6.50000000e-01,1.48000000e+00,1.50471656e-03,1.38798948e+00,1.58392476e+00,1.00453786e+00,1.59900868e+00,3.22562841e+01,1.42680266e+00,5.69416174e+00
6.60000000e-01,6.60000000e-01,1.48000000e+00,1.51410654e-03,1.38798948e+00,1.58392476e+00,1.00453786e+00,1.59900868e+00,3.22562841e+01,1.42680266e+00,5.69416174e+00
6.70000000e-01,6.70000000e-01,1.48000000e+00,1.52321452e-03,1.38798948e+00,1.58392476e+00,1.00453786e+00,1.59900868e+00,3.22562841e+01,1.42680266e+00,5.69416174e+00
6.80000000e-01,6.80000000e-01,1.48000000e+00,1.53205016e-03,1.38798948e+00,1.58392476e+00,1.00453786e+00,1.59900868e+00,3.22562841e+01,1.42680266e+00,5.69416174e+00
6.90000000e-01,6.90000000e-01,1.48000000e+00,1.54062299e-03,1.38798948e+00,1.58392476e+00,1.00453786e+00,1.59900868e+00,3.22562841e+01,1.42680266e+00,5.69416174e+00
7.00000000e-01,7.00000000e-01,1.48000000e+00,1.54894245e-03,1.38798948e+00,1.58392476e+00,1.00453786e+00,1.59900868e+00,3.22562841e+01,1.42680266e+00,5.69416174e+00
7.10000000e-01,7.10000000e-01,1.48000000e+00,1.55701781e-03,1.38798948e+00,1.58392476e+00,1.00453786e+00,1.59900868e+00,3.22562841e+01,1.42680266e+00,5.69416174e+00
7.20000000e-01,7.20000000e-01,1.48000000e+00,1.56485820e-03,1.38798948e+00,1.58392476e+00,1.00453786e+00,1.59900868e+00,3.22562841e+01,1.42680266e+00,5.69416174e+00
7.30000000e-01,7.30000000e-01,1.48000000e+00,1.57247253e-03,1.38798948e+00,1.58392476e+00,1.00453786e+00,1.59900868e+00,3.22562841e+01,1.42680266e+00,5.69416174e+00
7.40000000e-01,7.40000000e-01,1.48000000e+00,1.57986951e-03,1.38798948e+00,1.58392476e+00,1.00453786e+00,1.59900868e+00,3.22562841e+01,1.42680266e+00,5.69416174e+00
7.50000000e-01,7.50000000e-01,1.48000000e+00,1.58705765e-03,1.38798948e+00,1.58392476e+00,1.00453786e+00,1.59900868e+00,3.22562841e+01,1.42680266e+00,5.69416174e+00
7.60000000e-01,7.60000000e-01,1.48000000e+00,1.59404520e-03,1.38798948e+00,1.58392476e+00,1.00453786e+00,1.59900868e+00,3.22562841e+01,1.42680266e+00,5.69416174e+00
7.70000000e-01,7.70000000e-01,1.48000000e+00,1.60084017e-03,1.38798948e+00,1.58392476e+00,1.00453786e+00,1.59900868e+00,3.22562841e+01,1.42680266e+00,5.69416174e+00
7.80000000e-01,7.80000000e-01,1.48000000e+00,1.60745034e-03,1.38798948e+00,1.58392476e+00,1.00453786e+00,1.59900868e+00,3.22562841e+01,1.42680266e+00,5.69416174e+00
7.90000000e-01,7.90000000e-01,1.48000000e+00,1.61388320e-03,1.38798948e+00,1.58392476e+00,1.00453786e+00,1.59900868e+00,3.22562841e+01,1.42680266e+00,5.69416174e+00
8.00000000e-01,8.00000000e-01,1.48000000e+00,1.62014601e-03,1.38798948e+00,1.58392476e+00,1.00453786e+00,1.59900868e+00,3.22562841e+01,1.42680266e+00,5.69416174e+00
8.10000000e-01,8.10000000e-01,1.48000000e+00,1.62624575e-03,1.38798948e+00,1.58392476e+00,1.00453786e+00,1.59900868e+00,3.22562841e+01,1.42680266e+00,5.69416174e+00
8.20000000e-01,8.20000000e-01,1.48000000e+00,1.63218915e-03,1.38798948e+00,1.58392476e+00,1.00453786e+00,1.59900868e+00,3.22562841e+01,1.42680266e+00,5.69416174e+00
8.30000000e-01,8.30000000e-01,1.48000000e+00,1.63798268e-03,1.38798948e+00,1.58392476e+00,1.00453786e+00,1.59900868e+00,3.22562841e+01,1.42680266e+00,5.69416174e+00
8.40000000e-01,8.40000000e-01,1.48000000e+00,1.64363255e-03,1.38798948e+00,1.58392476e+00,1.00453786e+00,1.59900868e+00,3.22562841e+01,1.42680266e+00,5.69416174e+00
8.50000000e-01,8.50000000e-01,1.48000000e+00,1.64914472e-03,1.38798948e+00,1.58392476e+00,1.00453786e+00,1.59900868e+00,3.22562841e+01,1.42680266e+00,5.69416174e+00
8.60000000e-01,8.60000000e-01,1.48000000e+00,1.65452490e-03,1.38798948e+00,1.58392476e+00,1.00453786e+00,1.59900868e+00,3.22562841e+01,1.42680266e+00,5.69416174e+00
8.70000000e-01,8.70000000e-01,1.48000000e+00,1.65977856e-03,1.38798948e+00,1.58392476e+00,1.00453786e+00,1.59900868e+00,3.22562841e+01,1.42680266e+00,5.69416174e+00
8.80000000e-01,8.80000000e-01,1.48000000e+00,1.66491095e-03,1.38798948e+00,1.58392476e+00,1.00453786e+00,1.59900868e+00,3.22562841e+01,1.42680266e+00,5.69416174e+00
8.90000000e-01,8.90000000e-01,1.48000000e+00,1.66992707e-03,1.38798948e+00,1.58392476e+00,1.00453786e+00,1.59900868e+00,3.22562841e+01,1.42680266e+00,5.69416174e+00
9.00000000e-01,9.00000000e-01,1.48000000e+00,1.67483172e-03,1.38798948e+00,1.58392476e+00,1.00453786e+00,1.59900868e+00,3.22562841e+01,1.42680266e+00,5.69416174e+00
9.10000000e-01,9.10000000e-01,1.48000000e+00,1.67962946e-03,1.38798948e+00,1.58392476e+00,1.00453786e+00,1.59900868e+00,3.22562841e+01,1.42680266e+00,5.69416174e+00
9.20000000e-01,9.20000000e-01,1.48000000e+00,1.68432467e-03,1.38798948e+00,1.58392476e+00,1.00453786e+00,1.59900868e+00,3.22562841e+01,1.42680266e+00,5.69416174e+00
9.30000000e-01,9.30000000e-01,1.48000000e+00,1.68892152e-03,1.38798948e+00,1.58392476e+00,1.00453786e+00,1.59900868e+00,3.22562841e+01,1.42680266e+00,5.69416174e+00
9.40000000e-01,9.40000000e-01,1.48000000e+00,1.69342400e-03,1.38798948e+00,1.58392476e+00,1.00453786e+00,1.59900868e+00,3.22562841e+01,1.42680266e+00,5.69416174e+00
9.50000000e-01,9.50000000e-01,1.48000000e+00,1.69783591e-03,1.38798948e+00,1.58392476e+00,1.00453786e+00,1.59900868e+00,3.22562841e+01,1.42680266e+00,5.69416174e+00
9.60000000e-01,9.60000000e-01,1.48000000e+00,1.70216087e-03,1.38798948e+00,1.58392476e+00,1.00453786e+00,1.59900868e+00,3.22562841e+01,1.42680266e+00,5.69416174e+00
9.70000000e-01,9.70000000e-01,1.48000000e+00,1.70640234e-03,1.38798948e+00,1.58392476e+00,1.00453786e+00,1.59900868e+00,3.22562841e+01,1.42680266e+00,5.69416174e+00
9.80000000e-01,9.80000000e-01,1.48000000e+00,1.71056362e-03,1.38798948e+00,1.58392476e+00,1.00453786e+00,1.59900868e+00,3.22562841e+01,1.42680266e+00,5.69416174e+00
9.90000000e-01,9.90000000e-01,1.48000000e+00,1.71464786e-03,1.38798948e+00,1.58392476e+00,1.00453786e+00,1.59900868e+00,3.22562841e+01,1.42680266e+00,5.69416174e+00
1.00000000e+00,1.00000000e+00,1.48000000e+00,1.71865806e-03,1.38798948e+00,1.58392476e+00,1.00453786e+00,1.59900868e+00,3.22562841e+01,1.42680266e+00,5.69416174e+00
1.01000000e+00,1.01000000e+00,1.48000000e+00,1.72259709e-03,1.38798948e+00,1.58392476e+00,1.00453786e+00,1.59900868e+00,3.22562841e+01,1.42680266e+00,5.69416174e+00
1.02000000e+00,1.02000000e+00,1.48000000e+00,1.72646767e-03,1.38798948e+00,1.58392476e+00,1.00453786e+00,1.59900868e+00,3.22562841e+01,1.42680266e+00,5.69416174e+00
1.03000000e+00,1.03000000e+00,1.48000000e+00,1.73027242e-03,1.38798948e+00,1.58392476e+00,1.00453786e+00,1.59900868e+00,3.22562841e+01,1.42680266e+00,5.69416174e+00
1.04000000e+00,1.04000000e+00,1.48000000e+00,1.73401380e-03,1.38798948e+00,1.58392476e+00,1.00453786e+00,1.59900868e+00,3.22562841e+01,1.42680266e+00,5.69416174e+00
1.05000000e+00,1.05000000e+00,1.48000000e+00,1.73769421e-03,1.38798948e+00,1.58392476e+00,1.00453786e+00,1.59900868e+00,3.22562841e+01,1.42680266e+00,5.69416174e+00
1.06000000e+00,1.06000000e+00,1.48000000e+00,1.74131590e-03,1.38798948e+00,1.58392476e+00,1.00453786e+00,1.59900868e+00,3.22562841e+01,1.42680266e+00,5.69416174e+00
1.07000000e+00,1.07000000e+00,1.48000000e+00,1.74488103e-03,1.38798948e+00,1.58392476e+00,1.00453786e+00,1.59900868e+00,3.22562841e+01,1.42680266e+00,5.69416174e+00
1.08000000e+00,1.08000000e+00,1.48000000e+00,1.74839166e-03,1.38798948e+00,1.58392476e+00,1.00453786e+00,1.59900868e+00,3.22562841e+01,1.42680266e+00,5.69416174e+00
1.09000000e+00,1.09000000e+00,1.48000000e+00,1.75184977e-03,1.38798948e+00,1.58392476e+00,1.00453786e+00,1.59900868e+00,3.22562841e+01,1.42680266e+00,5.69416174e+00
1.10000000e+00,1.10000000e+00,1.48000000e+00,1.75525723e-03,1.38798948e+00,1.58392476e+00,1.00453786e+00,1.59900868e+00,3.22562841e+01,1.42680266e+00,5.69416174e+00
1.11000000e+00,1.11000000e+00,1.48000000e+00,1.75861584e-03,1.38798948e+00,1.58392476e+00,1.00453786e+00,1.59900868e+00,3.22562841e+01,1.42680266e+00,5.69416174e+00
1.12000000e+00,1.12000000e+00,1.48000000e+00,1.76192732e-03,1.38798948e+00,1.58392476e+00,1.00453786e+00,1.59900868e+00,3.22562841e+01,1.42680266e+00,5.69416174e+00
1.13000000e+00,1.13000000e+00,1.48000000e+00,1.76519332e-03,1.38798948e+00,1.58392476e+00,1.00453786e+00,1.59900868e+00,3.22562841e+01,1.42680266e+00,5.69416174e+00
1.14000000e+00,1.14000000e+00,1.48000000e+00,1.76841538e-03,1.38798948e+00,1.58392476e+00,1.00453786e+00,1.59900868e+00,3.22562841e+01,1.42680266e+00,5.69416174e+00
1.15000000e+00,1.15000000e+00,1.48000000e+00,1.77159503e-03,1.38798948e+00,1.58392476e+00,1.00453786e+00,1.59900868e+00,3.22562841e+01,1.42680266e+00,5.69416174e+00
1.16000000e+00,1.16000000e+00,1.48000000e+00,1.77473370e-03,1.38798948e+00,1.58392476e+00,1.00453786e+00,1.59900868e+00,3.22562841e+01,1.42680266e+00,5.69416174e+00
1.17000000e+00,1.17000000e+00,1.48000000e+00,1.77783275e-03,1.38798948e+00,1.58392476e+00,1.00453786e+00,1.59900868e+00,3.22562841e+01,1.42680266e+00,5.69416174e+00
1.18000000e+00,1.18000000e+00,1.48000000e+00,1.78089351e-03,1.38798948e+00,1.58392476e+00,1.00453786e+00,1.59900868e+00,3.22562841e+01,1.42680266e+00,5.69416174e+00
1.19000000e+00,1.19000000e+00,1.48000000e+00,1.78391723e-03,1.38798948e+00,1.58392476e+00,1.00453786e+00,1.59900868e+00,3.22562841e+01,1.42680266e+00,5.69416174e+00
1.20000000e+00,1.20000000e+00,1.48000000e+00,1.78690511e-03,1.38798948e+00,1.58392476e+00,1.00453786e+00,1.59900868e+00,3.22562841e+01,1.42680266e+00,5.69416174e+00
1.21000000e+00,1.21000000e+00,1.48000000e+00,1.78985832e-03,1.38798948e+00,1.58392476e+00,1.00453786e+00,1.59900868e+00,3.22562841e+01,1.42680266e+00,5.69416174e+00
1.22000000e+00,1.22000000e+00,1.48000000e+00,1.79277796e-03,1.38798948e+00,1.58392476e+00,1.00453786e+00,1.59900868e+00,3.22562841e+01,1.42680266e+00,5.69416174e+00
1.23000000e+00,1.23000000e+00,1.48000000e+00,1.79566510e-03,1.38798948e+00,1.58392476e+00,1.00453786e+00,1.59900868e+00,3.22562841e+01,1.42680266e+00,5.69416174e+00
1.24000000e+00,1.24000000e+00,1.48000000e+00,1.79852074e-03,1.38798948e+00,1.58392476e+00,1.00453786e+00,1.59900868e+00,3.22562841e+01,1.42680266e+00,5.69416174e+00
1.25000000e+00,1.25000000e+00,1.48000000e+00,1.80134587e-03,1.38798948e+00,1.58392476e+00,1.00453786e+00,1.59900868e+00,3.22562841e+01,1.42680266e+00,5.69416174e+00
1.26000000e+00,1.26000000e+00,1.48000000e+00,1.80414142e-03,1.38798948e+00,1.58392476e+00,1.00453786e+00,1.59900868e+00,3.22562841e+01,1.42680266e+00,5.69416174e+00
1.27000000e+00,1.27000000e+00,1.48000000e+00,1.80690830e-03,1.38798948e+00,1.58392476e+00,1.00453786e+00,1.59900868e+00,3.22562841e+01,1.42680266e+00,5.69416174e+00
1.28000000e+00,1.28000000e+00,1.48000000e+00,1.80964736e-03,1.38798948e+00,1.58392476e+00,1.00453786e+00,1.59900868e+00,3.22562841e+01,1.42680266e+00,5.69416174e+00
1.29000000e+00,1.29000000e+00,1.48000000e+00,1.81235944e-03,1.38798948e+00,1.58392476e+00,1.00453786e+00,1.59900868e+00,3.22562841e+01,1.42680266e+00,5.69416174e+00
1.30000000e+00,1.30000000e+00,1.48000000e+00,1.81504534e-03,1.38798948e+00,1.58392476e+00,1.00453786e+00,1.59900868e+00,3.22562841e+01,1.42680266e+00,5.69416174e+00
1.31000000e+00,1.31000000e+00,1.48000000e+00,1.81770581e-03,1.38798948e+00,1.58392476e+00,1.00453786e+00,1.59900868e+00,3.22562841e+01,1.42680266e+00,5.69416174e+00
1.32000000e+00,1.32000000e+00,1.48000000e+00,1.82034160e-03,1.38798948e+00,1.58392476e+00,1.00453786e+00,1.59900868e+00,3.22562841e+01,1.42680266e+00,5.69416174e+00
1.33000000e+00,1.33000000e+00,1.48000000e+00,1.82295342e-03,1.38798948e+00,1.58392476e+00,1.00453786e+00,1.59900868e+00,3.22562841e+01,1.42680266e+00,5.69416174e+00
1.34000000e+00,1.34000000e+00,1.48000000e+00,1.82554195e-03,1.38798948e+00,1.58392476e+00,1.00453786e+00,1.59900868e+00,3.22562841e+01,1.42680266e+00,5.69416174e+00
1.35000000e+00,1.35000000e+00,1.48000000e+00,1.82810783e-03,1.38798948e+00,1.58392476e+00,1.00453786e+00,1.59900868e+00,3.22562841e+01,1.42680266e+00,5.69416174e+00
1.36000000e+00,1.36000000e+00,1.48000000e+00,1.83065172e-03,1.38798948e+00,1.58392476e+00,1.00453786e+00,1.59900868e+00,3.22562841e+01,1.42680266e+00,5.69416174e+00
1.37000000e+00,1.37000000e+00,1.48000000e+00,1.83317420e-03,1.38798948e+00,1.58392476e+00,1.00453786e+00,1.59900868e+00,3.22562841e+01,1.42680266e+00,5.69416174e+00
1.38000000e+00,1.38000000e+00,1.48000000e+00,1.83567588e-03,1.38798948e+00,1.58392476e+00,1.00453786e+00,1.59900868e+00,3.22562841e+01,1.42680266e+00,5.69416174e+00
1.39000000e+00,1.39000000e+00,1.48000000e+00,1.83815731e-03,1.38798948e+00,1.58392476e+00,1.00453786e+00,1.59900868e+00,3.22562841e+01,1.42680266e+00,5.69416174e+00
1.40000000e+00,1.40000000e+00,1.48000000e+00,1.84061903e-03,1.38798948e+00,1.58392476e+00,1.00453786e+00,1.59900868e+00,3.22562841e+01,1.42680266e+00,5.69416174e+00
1.41000000e+00,1.41000000e+00,1.48000000e+00,1.84306158e-03,1.38798948e+00,1.58392476e+00,1.00453786e+00,1.59900868e+00,3.22562841e+01,1.42680266e+00,5.69416174e+00
1.42000000e+00,1.42000000e+00,1.48000000e+00,1.84548546e-03,1.38798948e+00,1.58392476e+00,1.00453786e+00,1.59900868e+00,3.22562841e+01,1.42680266e+00,5.69416174e+00
1.43000000e+00,1.43000000e+00,1.48000000e+00,1.84789116e-03,1.38798948e+00,1.58392476e+00,1.00453786e+00,1.59900868e+00,3.22562841e+01,1.42680266e+00,5.69416174e+00
1.44000000e+00,1.44000000e+00,1.48000000e+00,1.85027914e-03,1.38798948e+00,1.58392476e+00,1.00453786e+00,1.59900868e+00,3.22562841e+01,1.42680266e+00,5.69416174e+00
1.45000000e+00,1.45000000e+00,1.48000000e+00,1.85264987e-03,1.38798948e+00,1.58392476e+00,1.00453786e+00,1.59900868e+00,3.22562841e+01,1.42680266e+00,5.69416174e+00
1.46000000e+00,1.46000000e+00,1.48000000e+00,1.85500378e-03,1.38798948e+00,1.58392476e+00,1.00453786e+00,1.59900868e+00,3.22562841e+01,1.42680266e+00,5.69416174e+00
1.47000000e+00,1.47000000e+00,1.48000000e+00,1.85734130e-03,1.38798948e+00,1.58392476e+00,1.00453786e+00,1.59900868e+00,3.22562841e+01,1.42680266e+00,5.69416174e+00
1.48000000e+00,1.48000000e+00,1.48000000e+00,1.85966284e-03,1.38798948e+00,1.58392476e+00,1.00453786e+00,1.59900868e+00,3.22562841e+01,1.42680266e+00,5.69416174e+00
1.49000000e+00,1.49000000e+00,1.48000000e+00,1.86196878e-03,1.38798948e+00,1.58392476e+00,1.00453786e+00,1.59900868e+00,3.22562841e+01,1.42680266e+00,5.69416174e+00
1.50000000e+00,1.50000000e+00,1.48000000e+00,1.86425953e-03,1.38798948e+00,1.58392476e+00,1.00453786e+00,1.59900868e+00,3.22562841e+01,1.42680266e+00,5.69416174e+00
1.51000000e+00,1.51000000e+00,1.48000000e+00,1.86653543e-03,1.38798948e+00,1.58392476e+00,1.00453786e+00,1.59900868e+00,3.22562841e+01,1.42680266e+00,5.69416174e+00
1.52000000e+00,1.52000000e+00,1.48000000e+00,1.86879687e-03,1.38798948e+00,1.58392476e+00,1.00453786e+00,1.59900868e+00,3.22562841e+01,1.42680266e+00,5.69416174e+00
1.53000000e+00,1.53000000e+00,1.48000000e+00,1.87104417e-03,1.38798948e+00,1.58392476e+00,1.00453786e+00,1.59900868e+00,3.22562841e+01,1.42680266e+00,5.69416174e+00
1.54000000e+00,1.54000000e+00,1.48000000e+00,1.87327768e-03,1.38798948e+00,1.58392476e+00,1.00453786e+00,1.59900868e+00,3.22562841e+01,1.42680266e+00,5.69416174e+00
1.55000000e+00,1.55000000e+00,1.48000000e+00,1.87549772e-03,1.38798948e+00,1.58392476e+00,1.00453786e+00,1.59900868e+00,3.22562841e+01,1.42680266e+00,5.69416174e+00
1.56000000e+00,1.56000000e+00,1.48000000e+00,1.87770461e-03,1.38798948e+00,1.58392476e+00,1.00453786e+00,1.59900868e+00,3.22562841e+01,1.42680266e+00,5.69416174e+00
1.57000000e+00,1.57000000e+00,1.48000000e+00,1.87989865e-03,1.38798948e+00,1.58392476e+00,1.00453786e+00,1.59900868e+00,3.22562841e+01,1.42680266e+00,5.69416174e+00
1.58000000e+00,1.58000000e+00,1.48000000e+00,1.88208013e-03,1.38798948e+00,1.58392476e+00,1.00453786e+00,1.59900868e+00,3.22562841e+01,1.42680266e+00,5.69416174e+00
1.59000000e+00,1.59000000e+00,1.48000000e+00,1.88424934e-03,1.38798948e+00,1.58392476e+00,1.00453786e+00,1.59900868e+00,3.22562841e+01,1.42680266e+00,5.69416174e+00
1.60000000e+00,1.60000000e+00,1.48000000e+00,1.88640655e-03,1.38798948e+00,1.58392476e+00,1.00453786e+00,1.59900868e+00,3.22562841e+01,1.42680266e+00,5.69416174e+00
1.61000000e+00,1.61000000e+00,1.48000000e+00,1.88855205e-03,1.38798948e+00,1.58392476e+00,1.00453786e+00,1.59900868e+00,3.22562841e+01,1.42680266e+00,5.69416174e+00
1.62000000e+00,1.62000000e+00,1.48000000e+00,1.89068608e-03,1.38798948e+00,1.58392476e+00,1.00453786e+00,1.59900868e+00,3.22562841e+01,1.42680266e+00,5.69416174e+00
1.63000000e+00,1.63000000e+00,1.48000000e+00,1.89280890e-03,1.38798948e+00,1.58392476e+00,1.00453786e+00,1.59900868e+00,3.22562841e+01,1.42680266e+00,5.69416174e+00
1.64000000e+00,1.64000000e+00,1.48000000e+00,1.89492075e-03,1.38798948e+00,1.58392476e+00,1.00453786e+00,1.59900868e+00,3.22562841e+01,1.42680266e+00,5.69416174e+00
1.65000000e+00,1.65000000e+00,1.48000000e+00,1.89702188e-03,1.38798948e+00,1.58392476e+00,1.00453786e+00,1.59900868e+00,3.22562841e+01,1.42680266e+00,5.69416174e+00
1.66000000e+00,1.66000000e+00,1.48000000e+00,1.89911251e-03,1.38798948e+00,1.58392476e+00,1.00453786e+00,1.59900868e+00,3.22562841e+01,1.42680266e+00,5.69416174e+00
1.67000000e+00,1.67000000e+00,1.48000000e+00,1.90119286e-03,1.38798948e+00,1.58392476e+00,1.00453786e+00,1.59900868e+00,3.22562841e+01,1.42680266e+00,5.69416174e+00
1.68000000e+00,1.68000000e+00,1.48000000e+00,1.90326316e-03,1.38798948e+00,1.58392476e+00,1.00453786e+00,1.59900868e+00,3.22562841e+01,1.42680266e+00,5.69416174e+00
1.69000000e+00,1.69000000e+00,1.48000000e+00,1.90532362e-03,1.38798948e+00,1.58392476e+00,1.00453786e+00,1.59900868e+00,3.22562841e+01,1.42680266e+00,5.69416174e+00
1.70000000e+00,1.70000000e+00,1.48000000e+00,1.90737444e-03,1.38798948e+00,1.58392476e+00,1.00453786e+00,1.59900868e+00,3.22562841e+01,1.42680266e+00,5.69416174e+00
1.71000000e+00,1.71000000e+00,1.48000000e+00,1.90941583e-03,1.38798948e+00,1.58392476e+00,1.00453786e+00,1.59900868e+00,3.22562841e+01,1.42680266e+00,5.69416174e+00
1.72000000e+00,1.72000000e+00,1.48000000e+00,1.91144797e-03,1.38798948e+00,1.58392476e+00,1.00453786e+00,1.59900868e+00,3.22562841e+01,1.42680266e+00,5.69416174e+00
1.73000000e+00,1.73000000e+00,1.48000000e+00,1.91347106e-03,1.38798948e+00,1.58392476e+00,1.00453786e+00,1.59900868e+00,3.22562841e+01,1.42680266e+00,5.69416174e+00
1.74000000e+00,1.74000000e+00,1.48000000e+00,1.91548528e-03,1.38798948e+00,1.58392476e+00,1.00453786e+00,1.59900868e+00,3.22562841e+01,1.42680266e+00,5.69416174e+00
1.75000000e+00,1.75000000e+00,1.48000000e+00,1.91749081e-03,1.38798948e+00,1.58392476e+00,1.00453786e+00,1.59900868e+00,3.22562841e+01,1.42680266e+00,5.69416174e+00
1.76000000e+00,1.76000000e+00,1.48000000e+00,1.91948782e-03,1.38798948e+00,1.58392476e+00,1.00453786e+00,1.59900868e+00,3.22562841e+01,1.42680266e+00,5.69416174e+00
1.77000000e+00,1.77000000e+00,1.48000000e+00,1.92147649e-03,1.38798948e+00,1.58392476e+00,1.00453786e+00,1.59900868e+00,3.22562841e+01,1.42680266e+00,5.69416174e+00
1.78000000e+00,1.78000000e+00,1.48000000e+00,1.92345698e-03,1.38798948e+00,1.58392476e+00,1.00453786e+00,1.59900868e+00,3.22562841e+01,1.42680266e+00,5.69416174e+00
1.79000000e+00,1.79000000e+00,1.48000000e+00,1.92542945e-03,1.38798948e+00,1.58392476e+00,1.00453786e+00,1.59900868e+00,3.22562841e+01,1.42680266e+00,5.69416174e+00
1.80000000e+00,1.80000000e+00,1.48000000e+00,1.92739406e-03,1.38798948e+00,1.58392476e+00,1.00453786e+00,1.59900868e+00,3.22562841e+01,1.42680266e+00,5.69416174e+00
1.81000000e+00,1.81000000e+00,1.48000000e+00,1.92935096e-03,1.38798948e+00,1.58392476e+00,1.00453786e+00,1.59900868e+00,3.22562841e+01,1.42680266e+00,5.69416174e+00
1.82000000e+00,1.82000000e+00,1.48000000e+00,1.93130032e-03,1.38798948e+00,1.58392476e+00,1.00453786e+00,1.59900868e+00,3.22562841e+01,1.42680266e+00,5.69416174e+00
1.83000000e+00,1.83000000e+00,1.48000000e+00,1.93324226e-03,1.38798948e+00,1.58392476e+00,1.00453786e+00,1.59900868e+00,3.22562841e+01,1.42680266e+00,5.69416174e+00
1.84000000e+00,1.84000000e+00,1.48000000e+00,1.93517694e-03,1.38798948e+00,1.58392476e+00,1.00453786e+00,1.59900868e+00,3.22562841e+01,1.42680266e+00,5.69416174e+00
1.85000000e+00,1.85000000e+00,1.48000000e+00,1.93710449e-03,1.38798948e+00,1.58392476e+00,1.00453786e+00,1.59900868e+00,3.22562841e+01,1.42680266e+00,5.69416174e+00
