vSweep,vd,vg,id,vth0_nom,u0_nom,rdsw_nom,nfactor_nom,vsat_nom,eta0_nom,delta_nom
1.00000000e-02,1.48000000e+00,1.00000000e-02,1.48148160e-12,1.34697289e+00,1.78062513e+00,8.91438886e-01,1.74937518e+00,3.36003159e+01,1.51009144e+00,5.13674356e+00
2.00000000e-02,1.48000000e+00,2.00000000e-02,1.48148160e-12,1.34697289e+00,1.78062513e+00,8.91438886e-01,1.74937518e+00,3.36003159e+01,1.51009144e+00,5.13674356e+00
3.00000000e-02,1.48000000e+00,3.00000000e-02,1.48148160e-12,1.34697289e+00,1.78062513e+00,8.91438886e-01,1.74937518e+00,3.36003159e+01,1.51009144e+00,5.13674356e+00
4.00000000e-02,1.48000000e+00,4.00000000e-02,1.48148160e-12,1.34697289e+00,1.78062513e+00,8.91438886e-01,1.74937518e+00,3.36003159e+01,1.51009144e+00,5.13674356e+00
5.00000000e-02,1.48000000e+00,5.00000000e-02,1.48148160e-12,1.34697289e+00,1.78062513e+00,8.91438886e-01,1.74937518e+00,3.36003159e+01,1.51009144e+00,5.13674356e+00
6.00000000e-02,1.48000000e+00,6.00000000e-02,1.48148160e-12,1.34697289e+00,1.78062513e+00,8.91438886e-01,1.74937518e+00,3.36003159e+01,1.51009144e+00,5.13674356e+00
7.00000000e-02,1.48000000e+00,7.00000000e-02,1.48148160e-12,1.34697289e+00,1.78062513e+00,8.91438886e-01,1.74937518e+00,3.36003159e+01,1.51009144e+00,5.13674356e+00
8.00000000e-02,1.48000000e+00,8.00000000e-02,1.48148160e-12,1.34697289e+00,1.78062513e+00,8.91438886e-01,1.74937518e+00,3.36003159e+01,1.51009144e+00,5.13674356e+00
9.00000000e-02,1.48000000e+00,9.00000000e-02,1.48148160e-12,1.34697289e+00,1.78062513e+00,8.91438886e-01,1.74937518e+00,3.36003159e+01,1.51009144e+00,5.13674356e+00
1.00000000e-01,1.48000000e+00,1.00000000e-01,1.48148160e-12,1.34697289e+00,1.78062513e+00,8.91438886e-01,1.74937518e+00,3.36003159e+01,1.51009144e+00,5.13674356e+00
1.10000000e-01,1.48000000e+00,1.10000000e-01,1.48148160e-12,1.34697289e+00,1.78062513e+00,8.91438886e-01,1.74937518e+00,3.36003159e+01,1.51009144e+00,5.13674356e+00
1.20000000e-01,1.48000000e+00,1.20000000e-01,1.48148160e-12,1.34697289e+00,1.78062513e+00,8.91438886e-01,1.74937518e+00,3.36003159e+01,1.51009144e+00,5.13674356e+00
1.30000000e-01,1.48000000e+00,1.30000000e-01,1.48148160e-12,1.34697289e+00,1.78062513e+00,8.91438886e-01,1.74937518e+00,3.36003159e+01,1.51009144e+00,5.13674356e+00
1.40000000e-01,1.48000000e+00,1.40000000e-01,1.48148160e-12,1.34697289e+00,1.78062513e+00,8.91438886e-01,1.74937518e+00,3.36003159e+01,1.51009144e+00,5.13674356e+00
1.50000000e-01,1.48000000e+00,1.50000000e-01,1.48148160e-12,1.34697289e+00,1.78062513e+00,8.91438886e-01,1.74937518e+00,3.36003159e+01,1.51009144e+00,5.13674356e+00
1.60000000e-01,1.48000000e+00,1.60000000e-01,1.48148160e-12,1.34697289e+00,1.78062513e+00,8.91438886e-01,1.74937518e+00,3.36003159e+01,1.51009144e+00,5.13674356e+00
1.70000000e-01,1.48000000e+00,1.70000000e-01,1.48148160e-12,1.34697289e+00,1.78062513e+00,8.91438886e-01,1.74937518e+00,3.36003159e+01,1.51009144e+00,5.13674356e+00
1.80000000e-01,1.48000000e+00,1.80000000e-01,1.48148160e-12,1.34697289e+00,1.78062513e+00,8.91438886e-01,1.74937518e+00,3.36003159e+01,1.51009144e+00,5.13674356e+00
1.90000000e-01,1.48000000e+00,1.90000000e-01,1.48148160e-12,1.34697289e+00,1.78062513e+00,8.91438886e-01,1.74937518e+00,3.36003159e+01,1.51009144e+00,5.13674356e+00
2.00000000e-01,1.48000000e+00,2.00000000e-01,1.48148160e-12,1.34697289e+00,1.78062513e+00,8.91438886e-01,1.74937518e+00,3.36003159e+01,1.51009144e+00,5.13674356e+00
2.10000000e-01,1.48000000e+00,2.10000000e-01,1.48148160e-12,1.34697289e+00,1.78062513e+00,8.91438886e-01,1.74937518e+00,3.36003159e+01,1.51009144e+00,5.13674356e+00
2.20000000e-01,1.48000000e+00,2.20000000e-01,1.48148160e-12,1.34697289e+00,1.78062513e+00,8.91438886e-01,1.74937518e+00,3.36003159e+01,1.51009144e+00,5.13674356e+00
2.30000000e-01,1.48000000e+00,2.30000000e-01,1.48148160e-12,1.34697289e+00,1.78062513e+00,8.91438886e-01,1.74937518e+00,3.36003159e+01,1.51009144e+00,5.13674356e+00
2.40000000e-01,1.48000000e+00,2.40000000e-01,1.48148160e-12,1.34697289e+00,1.78062513e+00,8.91438886e-01,1.74937518e+00,3.36003159e+01,1.51009144e+00,5.13674356e+00
2.50000000e-01,1.48000000e+00,2.50000000e-01,1.48148160e-12,1.34697289e+00,1.78062513e+00,8.91438886e-01,1.74937518e+00,3.36003159e+01,1.51009144e+00,5.13674356e+00
2.60000000e-01,1.48000000e+00,2.60000000e-01,1.48148160e-12,1.34697289e+00,1.78062513e+00,8.91438886e-01,1.74937518e+00,3.36003159e+01,1.51009144e+00,5.13674356e+00
2.70000000e-01,1.48000000e+00,2.70000000e-01,1.48148160e-12,1.34697289e+00,1.78062513e+00,8.91438886e-01,1.74937518e+00,3.36003159e+01,1.51009144e+00,5.13674356e+00
2.80000000e-01,1.48000000e+00,2.80000000e-01,1.48148160e-12,1.34697289e+00,1.78062513e+00,8.91438886e-01,1.74937518e+00,3.36003159e+01,1.51009144e+00,5.13674356e+00
2.90000000e-01,1.48000000e+00,2.90000000e-01,1.48148160e-12,1.34697289e+00,1.78062513e+00,8.91438886e-01,1.74937518e+00,3.36003159e+01,1.51009144e+00,5.13674356e+00
3.00000000e-01,1.48000000e+00,3.00000000e-01,1.48148160e-12,1.34697289e+00,1.78062513e+00,8.91438886e-01,1.74937518e+00,3.36003159e+01,1.51009144e+00,5.13674356e+00
3.10000000e-01,1.48000000e+00,3.10000000e-01,1.48148160e-12,1.34697289e+00,1.78062513e+00,8.91438886e-01,1.74937518e+00,3.36003159e+01,1.51009144e+00,5.13674356e+00
3.20000000e-01,1.48000000e+00,3.20000000e-01,1.48148160e-12,1.34697289e+00,1.78062513e+00,8.91438886e-01,1.74937518e+00,3.36003159e+01,1.51009144e+00,5.13674356e+00
3.30000000e-01,1.48000000e+00,3.30000000e-01,1.48148160e-12,1.34697289e+00,1.78062513e+00,8.91438886e-01,1.74937518e+00,3.36003159e+01,1.51009144e+00,5.13674356e+00
3.40000000e-01,1.48000000e+00,3.40000000e-01,1.48148160e-12,1.34697289e+00,1.78062513e+00,8.91438886e-01,1.74937518e+00,3.36003159e+01,1.51009144e+00,5.13674356e+00
3.50000000e-01,1.48000000e+00,3.50000000e-01,1.48148160e-12,1.34697289e+00,1.78062513e+00,8.91438886e-01,1.74937518e+00,3.36003159e+01,1.51009144e+00,5.13674356e+00
3.60000000e-01,1.48000000e+00,3.60000000e-01,1.48148160e-12,1.34697289e+00,1.78062513e+00,8.91438886e-01,1.74937518e+00,3.36003159e+01,1.51009144e+00,5.13674356e+00
3.70000000e-01,1.48000000e+00,3.70000000e-01,1.48148160e-12,1.34697289e+00,1.78062513e+00,8.91438886e-01,1.74937518e+00,3.36003159e+01,1.51009144e+00,5.13674356e+00
3.80000000e-01,1.48000000e+00,3.80000000e-01,1.48148160e-12,1.34697289e+00,1.78062513e+00,8.91438886e-01,1.74937518e+00,3.36003159e+01,1.51009144e+00,5.13674356e+00
3.90000000e-01,1.48000000e+00,3.90000000e-01,1.48148160e-12,1.34697289e+00,1.78062513e+00,8.91438886e-01,1.74937518e+00,3.36003159e+01,1.51009144e+00,5.13674356e+00
4.00000000e-01,1.48000000e+00,4.00000000e-01,1.48148160e-12,1.34697289e+00,1.78062513e+00,8.91438886e-01,1.74937518e+00,3.36003159e+01,1.51009144e+00,5.13674356e+00
4.10000000e-01,1.48000000e+00,4.10000000e-01,1.48148160e-12,1.34697289e+00,1.78062513e+00,8.91438886e-01,1.74937518e+00,3.36003159e+01,1.51009144e+00,5.13674356e+00
4.20000000e-01,1.48000000e+00,4.20000000e-01,1.48148160e-12,1.34697289e+00,1.78062513e+00,8.91438886e-01,1.74937518e+00,3.36003159e+01,1.51009144e+00,5.13674356e+00
4.30000000e-01,1.48000000e+00,4.30000000e-01,1.48148160e-12,1.34697289e+00,1.78062513e+00,8.91438886e-01,1.74937518e+00,3.36003159e+01,1.51009144e+00,5.13674356e+00
4.40000000e-01,1.48000000e+00,4.40000000e-01,1.48148160e-12,1.34697289e+00,1.78062513e+00,8.91438886e-01,1.74937518e+00,3.36003159e+01,1.51009144e+00,5.13674356e+00
4.50000000e-01,1.48000000e+00,4.50000000e-01,1.48325796e-12,1.34697289e+00,1.78062513e+00,8.91438886e-01,1.74937518e+00,3.36003159e+01,1.51009144e+00,5.13674356e+00
4.60000000e-01,1.48000000e+00,4.60000000e-01,1.48503432e-12,1.34697289e+00,1.78062513e+00,8.91438886e-01,1.74937518e+00,3.36003159e+01,1.51009144e+00,5.13674356e+00
4.70000000e-01,1.48000000e+00,4.70000000e-01,1.48503432e-12,1.34697289e+00,1.78062513e+00,8.91438886e-01,1.74937518e+00,3.36003159e+01,1.51009144e+00,5.13674356e+00
4.80000000e-01,1.48000000e+00,4.80000000e-01,1.49391610e-12,1.34697289e+00,1.78062513e+00,8.91438886e-01,1.74937518e+00,3.36003159e+01,1.51009144e+00,5.13674356e+00
4.90000000e-01,1.48000000e+00,4.90000000e-01,1.51167967e-12,1.34697289e+00,1.78062513e+00,8.91438886e-01,1.74937518e+00,3.36003159e+01,1.51009144e+00,5.13674356e+00
5.00000000e-01,1.48000000e+00,5.00000000e-01,1.55608859e-12,1.34697289e+00,1.78062513e+00,8.91438886e-01,1.74937518e+00,3.36003159e+01,1.51009144e+00,5.13674356e+00
5.10000000e-01,1.48000000e+00,5.10000000e-01,1.67688086e-12,1.34697289e+00,1.78062513e+00,8.91438886e-01,1.74937518e+00,3.36003159e+01,1.51009144e+00,5.13674356e+00
5.20000000e-01,1.48000000e+00,5.20000000e-01,1.99129602e-12,1.34697289e+00,1.78062513e+00,8.91438886e-01,1.74937518e+00,3.36003159e+01,1.51009144e+00,5.13674356e+00
5.30000000e-01,1.48000000e+00,5.30000000e-01,2.81197288e-12,1.34697289e+00,1.78062513e+00,8.91438886e-01,1.74937518e+00,3.36003159e+01,1.51009144e+00,5.13674356e+00
5.40000000e-01,1.48000000e+00,5.40000000e-01,4.95248287e-12,1.34697289e+00,1.78062513e+00,8.91438886e-01,1.74937518e+00,3.36003159e+01,1.51009144e+00,5.13674356e+00
5.50000000e-01,1.48000000e+00,5.50000000e-01,1.05160325e-11,1.34697289e+00,1.78062513e+00,8.91438886e-01,1.74937518e+00,3.36003159e+01,1.51009144e+00,5.13674356e+00
5.60000000e-01,1.48000000e+00,5.60000000e-01,2.48885357e-11,1.34697289e+00,1.78062513e+00,8.91438886e-01,1.74937518e+00,3.36003159e+01,1.51009144e+00,5.13674356e+00
5.70000000e-01,1.48000000e+00,5.70000000e-01,6.16733331e-11,1.34697289e+00,1.78062513e+00,8.91438886e-01,1.74937518e+00,3.36003159e+01,1.51009144e+00,5.13674356e+00
5.80000000e-01,1.48000000e+00,5.80000000e-01,1.54500412e-10,1.34697289e+00,1.78062513e+00,8.91438886e-01,1.74937518e+00,3.36003159e+01,1.51009144e+00,5.13674356e+00
5.90000000e-01,1.48000000e+00,5.90000000e-01,3.83751697e-10,1.34697289e+00,1.78062513e+00,8.91438886e-01,1.74937518e+00,3.36003159e+01,1.51009144e+00,5.13674356e+00
6.00000000e-01,1.48000000e+00,6.00000000e-01,9.32383060e-10,1.34697289e+00,1.78062513e+00,8.91438886e-01,1.74937518e+00,3.36003159e+01,1.51009144e+00,5.13674356e+00
6.10000000e-01,1.48000000e+00,6.10000000e-01,2.18946639e-09,1.34697289e+00,1.78062513e+00,8.91438886e-01,1.74937518e+00,3.36003159e+01,1.51009144e+00,5.13674356e+00
6.20000000e-01,1.48000000e+00,6.20000000e-01,4.91385244e-09,1.34697289e+00,1.78062513e+00,8.91438886e-01,1.74937518e+00,3.36003159e+01,1.51009144e+00,5.13674356e+00
6.30000000e-01,1.48000000e+00,6.30000000e-01,1.04503926e-08,1.34697289e+00,1.78062513e+00,8.91438886e-01,1.74937518e+00,3.36003159e+01,1.51009144e+00,5.13674356e+00
6.40000000e-01,1.48000000e+00,6.40000000e-01,2.09893507e-08,1.34697289e+00,1.78062513e+00,8.91438886e-01,1.74937518e+00,3.36003159e+01,1.51009144e+00,5.13674356e+00
6.50000000e-01,1.48000000e+00,6.50000000e-01,3.99326492e-08,1.34697289e+00,1.78062513e+00,8.91438886e-01,1.74937518e+00,3.36003159e+01,1.51009144e+00,5.13674356e+00
6.60000000e-01,1.48000000e+00,6.60000000e-01,7.25583842e-08,1.34697289e+00,1.78062513e+00,8.91438886e-01,1.74937518e+00,3.36003159e+01,1.51009144e+00,5.13674356e+00
6.70000000e-01,1.48000000e+00,6.70000000e-01,1.27260510e-07,1.34697289e+00,1.78062513e+00,8.91438886e-01,1.74937518e+00,3.36003159e+01,1.51009144e+00,5.13674356e+00
6.80000000e-01,1.48000000e+00,6.80000000e-01,2.17695465e-07,1.34697289e+00,1.78062513e+00,8.91438886e-01,1.74937518e+00,3.36003159e+01,1.51009144e+00,5.13674356e+00
6.90000000e-01,1.48000000e+00,6.90000000e-01,3.66307685e-07,1.34697289e+00,1.78062513e+00,8.91438886e-01,1.74937518e+00,3.36003159e+01,1.51009144e+00,5.13674356e+00
7.00000000e-01,1.48000000e+00,7.00000000e-01,6.09894608e-07,1.34697289e+00,1.78062513e+00,8.91438886e-01,1.74937518e+00,3.36003159e+01,1.51009144e+00,5.13674356e+00
7.10000000e-01,1.48000000e+00,7.10000000e-01,1.00771586e-06,1.34697289e+00,1.78062513e+00,8.91438886e-01,1.74937518e+00,3.36003159e+01,1.51009144e+00,5.13674356e+00
7.20000000e-01,1.48000000e+00,7.20000000e-01,1.65127135e-06,1.34697289e+00,1.78062513e+00,8.91438886e-01,1.74937518e+00,3.36003159e+01,1.51009144e+00,5.13674356e+00
7.30000000e-01,1.48000000e+00,7.30000000e-01,2.67139426e-06,1.34697289e+00,1.78062513e+00,8.91438886e-01,1.74937518e+00,3.36003159e+01,1.51009144e+00,5.13674356e+00
7.40000000e-01,1.48000000e+00,7.40000000e-01,4.23437478e-06,1.34697289e+00,1.78062513e+00,8.91438886e-01,1.74937518e+00,3.36003159e+01,1.51009144e+00,5.13674356e+00
7.50000000e-01,1.48000000e+00,7.50000000e-01,6.52089000e-06,1.34697289e+00,1.78062513e+00,8.91438886e-01,1.74937518e+00,3.36003159e+01,1.51009144e+00,5.13674356e+00
7.60000000e-01,1.48000000e+00,7.60000000e-01,9.69362558e-06,1.34697289e+00,1.78062513e+00,8.91438886e-01,1.74937518e+00,3.36003159e+01,1.51009144e+00,5.13674356e+00
7.70000000e-01,1.48000000e+00,7.70000000e-01,1.38708157e-05,1.34697289e+00,1.78062513e+00,8.91438886e-01,1.74937518e+00,3.36003159e+01,1.51009144e+00,5.13674356e+00
7.80000000e-01,1.48000000e+00,7.80000000e-01,1.91185265e-05,1.34697289e+00,1.78062513e+00,8.91438886e-01,1.74937518e+00,3.36003159e+01,1.51009144e+00,5.13674356e+00
7.90000000e-01,1.48000000e+00,7.90000000e-01,2.54597074e-05,1.34697289e+00,1.78062513e+00,8.91438886e-01,1.74937518e+00,3.36003159e+01,1.51009144e+00,5.13674356e+00
8.00000000e-01,1.48000000e+00,8.00000000e-01,3.28896806e-05,1.34697289e+00,1.78062513e+00,8.91438886e-01,1.74937518e+00,3.36003159e+01,1.51009144e+00,5.13674356e+00
8.10000000e-01,1.48000000e+00,8.10000000e-01,4.13898191e-05,1.34697289e+00,1.78062513e+00,8.91438886e-01,1.74937518e+00,3.36003159e+01,1.51009144e+00,5.13674356e+00
8.20000000e-01,1.48000000e+00,8.20000000e-01,5.09365066e-05,1.34697289e+00,1.78062513e+00,8.91438886e-01,1.74937518e+00,3.36003159e+01,1.51009144e+00,5.13674356e+00
8.30000000e-01,1.48000000e+00,8.30000000e-01,6.15058595e-05,1.34697289e+00,1.78062513e+00,8.91438886e-01,1.74937518e+00,3.36003159e+01,1.51009144e+00,5.13674356e+00
8.40000000e-01,1.48000000e+00,8.40000000e-01,7.30756791e-05,1.34697289e+00,1.78062513e+00,8.91438886e-01,1.74937518e+00,3.36003159e+01,1.51009144e+00,5.13674356e+00
8.50000000e-01,1.48000000e+00,8.50000000e-01,8.56259116e-05,1.34697289e+00,1.78062513e+00,8.91438886e-01,1.74937518e+00,3.36003159e+01,1.51009144e+00,5.13674356e+00
8.60000000e-01,1.48000000e+00,8.60000000e-01,9.91384379e-05,1.34697289e+00,1.78062513e+00,8.91438886e-01,1.74937518e+00,3.36003159e+01,1.51009144e+00,5.13674356e+00
8.70000000e-01,1.48000000e+00,8.70000000e-01,1.13596639e-04,1.34697289e+00,1.78062513e+00,8.91438886e-01,1.74937518e+00,3.36003159e+01,1.51009144e+00,5.13674356e+00
8.80000000e-01,1.48000000e+00,8.80000000e-01,1.28984948e-04,1.34697289e+00,1.78062513e+00,8.91438886e-01,1.74937518e+00,3.36003159e+01,1.51009144e+00,5.13674356e+00
8.90000000e-01,1.48000000e+00,8.90000000e-01,1.45288466e-04,1.34697289e+00,1.78062513e+00,8.91438886e-01,1.74937518e+00,3.36003159e+01,1.51009144e+00,5.13674356e+00
9.00000000e-01,1.48000000e+00,9.00000000e-01,1.62492672e-04,1.34697289e+00,1.78062513e+00,8.91438886e-01,1.74937518e+00,3.36003159e+01,1.51009144e+00,5.13674356e+00
9.10000000e-01,1.48000000e+00,9.10000000e-01,1.80583209e-04,1.34697289e+00,1.78062513e+00,8.91438886e-01,1.74937518e+00,3.36003159e+01,1.51009144e+00,5.13674356e+00
9.20000000e-01,1.48000000e+00,9.20000000e-01,1.99545744e-04,1.34697289e+00,1.78062513e+00,8.91438886e-01,1.74937518e+00,3.36003159e+01,1.51009144e+00,5.13674356e+00
9.30000000e-01,1.48000000e+00,9.30000000e-01,2.19365866e-04,1.34697289e+00,1.78062513e+00,8.91438886e-01,1.74937518e+00,3.36003159e+01,1.51009144e+00,5.13674356e+00
9.40000000e-01,1.48000000e+00,9.40000000e-01,2.40029039e-04,1.34697289e+00,1.78062513e+00,8.91438886e-01,1.74937518e+00,3.36003159e+01,1.51009144e+00,5.13674356e+00
9.50000000e-01,1.48000000e+00,9.50000000e-01,2.61520565e-04,1.34697289e+00,1.78062513e+00,8.91438886e-01,1.74937518e+00,3.36003159e+01,1.51009144e+00,5.13674356e+00
9.60000000e-01,1.48000000e+00,9.60000000e-01,2.83825574e-04,1.34697289e+00,1.78062513e+00,8.91438886e-01,1.74937518e+00,3.36003159e+01,1.51009144e+00,5.13674356e+00
9.70000000e-01,1.48000000e+00,9.70000000e-01,3.06929015e-04,1.34697289e+00,1.78062513e+00,8.91438886e-01,1.74937518e+00,3.36003159e+01,1.51009144e+00,5.13674356e+00
9.80000000e-01,1.48000000e+00,9.80000000e-01,3.30815678e-04,1.34697289e+00,1.78062513e+00,8.91438886e-01,1.74937518e+00,3.36003159e+01,1.51009144e+00,5.13674356e+00
9.90000000e-01,1.48000000e+00,9.90000000e-01,3.55470203e-04,1.34697289e+00,1.78062513e+00,8.91438886e-01,1.74937518e+00,3.36003159e+01,1.51009144e+00,5.13674356e+00
1.00000000e+00,1.48000000e+00,1.00000000e+00,3.80877092e-04,1.34697289e+00,1.78062513e+00,8.91438886e-01,1.74937518e+00,3.36003159e+01,1.51009144e+00,5.13674356e+00
1.01000000e+00,1.48000000e+00,1.01000000e+00,4.07020727e-04,1.34697289e+00,1.78062513e+00,8.91438886e-01,1.74937518e+00,3.36003159e+01,1.51009144e+00,5.13674356e+00
1.02000000e+00,1.48000000e+00,1.02000000e+00,4.33885394e-04,1.34697289e+00,1.78062513e+00,8.91438886e-01,1.74937518e+00,3.36003159e+01,1.51009144e+00,5.13674356e+00
1.03000000e+00,1.48000000e+00,1.03000000e+00,4.61455291e-04,1.34697289e+00,1.78062513e+00,8.91438886e-01,1.74937518e+00,3.36003159e+01,1.51009144e+00,5.13674356e+00
1.04000000e+00,1.48000000e+00,1.04000000e+00,4.89714559e-04,1.34697289e+00,1.78062513e+00,8.91438886e-01,1.74937518e+00,3.36003159e+01,1.51009144e+00,5.13674356e+00
1.05000000e+00,1.48000000e+00,1.05000000e+00,5.18647289e-04,1.34697289e+00,1.78062513e+00,8.91438886e-01,1.74937518e+00,3.36003159e+01,1.51009144e+00,5.13674356e+00
1.06000000e+00,1.48000000e+00,1.06000000e+00,5.48237547e-04,1.34697289e+00,1.78062513e+00,8.91438886e-01,1.74937518e+00,3.36003159e+01,1.51009144e+00,5.13674356e+00
1.07000000e+00,1.48000000e+00,1.07000000e+00,5.78469391e-04,1.34697289e+00,1.78062513e+00,8.91438886e-01,1.74937518e+00,3.36003159e+01,1.51009144e+00,5.13674356e+00
1.08000000e+00,1.48000000e+00,1.08000000e+00,6.09326883e-04,1.34697289e+00,1.78062513e+00,8.91438886e-01,1.74937518e+00,3.36003159e+01,1.51009144e+00,5.13674356e+00
1.09000000e+00,1.48000000e+00,1.09000000e+00,6.40794107e-04,1.34697289e+00,1.78062513e+00,8.91438886e-01,1.74937518e+00,3.36003159e+01,1.51009144e+00,5.13674356e+00
1.10000000e+00,1.48000000e+00,1.10000000e+00,6.72855186e-04,1.34697289e+00,1.78062513e+00,8.91438886e-01,1.74937518e+00,3.36003159e+01,1.51009144e+00,5.13674356e+00
1.11000000e+00,1.48000000e+00,1.11000000e+00,7.05494293e-04,1.34697289e+00,1.78062513e+00,8.91438886e-01,1.74937518e+00,3.36003159e+01,1.51009144e+00,5.13674356e+00
1.12000000e+00,1.48000000e+00,1.12000000e+00,7.38695667e-04,1.34697289e+00,1.78062513e+00,8.91438886e-01,1.74937518e+00,3.36003159e+01,1.51009144e+00,5.13674356e+00
1.13000000e+00,1.48000000e+00,1.13000000e+00,7.72443626e-04,1.34697289e+00,1.78062513e+00,8.91438886e-01,1.74937518e+00,3.36003159e+01,1.51009144e+00,5.13674356e+00
1.14000000e+00,1.48000000e+00,1.14000000e+00,8.06722574e-04,1.34697289e+00,1.78062513e+00,8.91438886e-01,1.74937518e+00,3.36003159e+01,1.51009144e+00,5.13674356e+00
1.15000000e+00,1.48000000e+00,1.15000000e+00,8.41517020e-04,1.34697289e+00,1.78062513e+00,8.91438886e-01,1.74937518e+00,3.36003159e+01,1.51009144e+00,5.13674356e+00
1.16000000e+00,1.48000000e+00,1.16000000e+00,8.76811582e-04,1.34697289e+00,1.78062513e+00,8.91438886e-01,1.74937518e+00,3.36003159e+01,1.51009144e+00,5.13674356e+00
1.17000000e+00,1.48000000e+00,1.17000000e+00,9.12591001e-04,1.34697289e+00,1.78062513e+00,8.91438886e-01,1.74937518e+00,3.36003159e+01,1.51009144e+00,5.13674356e+00
1.18000000e+00,1.48000000e+00,1.18000000e+00,9.48840149e-04,1.34697289e+00,1.78062513e+00,8.91438886e-01,1.74937518e+00,3.36003159e+01,1.51009144e+00,5.13674356e+00
1.19000000e+00,1.48000000e+00,1.19000000e+00,9.85544035e-04,1.34697289e+00,1.78062513e+00,8.91438886e-01,1.74937518e+00,3.36003159e+01,1.51009144e+00,5.13674356e+00
1.20000000e+00,1.48000000e+00,1.20000000e+00,1.02268782e-03,1.34697289e+00,1.78062513e+00,8.91438886e-01,1.74937518e+00,3.36003159e+01,1.51009144e+00,5.13674356e+00
1.21000000e+00,1.48000000e+00,1.21000000e+00,1.06025681e-03,1.34697289e+00,1.78062513e+00,8.91438886e-01,1.74937518e+00,3.36003159e+01,1.51009144e+00,5.13674356e+00
1.22000000e+00,1.48000000e+00,1.22000000e+00,1.09823648e-03,1.34697289e+00,1.78062513e+00,8.91438886e-01,1.74937518e+00,3.36003159e+01,1.51009144e+00,5.13674356e+00
1.23000000e+00,1.48000000e+00,1.23000000e+00,1.13661248e-03,1.34697289e+00,1.78062513e+00,8.91438886e-01,1.74937518e+00,3.36003159e+01,1.51009144e+00,5.13674356e+00
1.24000000e+00,1.48000000e+00,1.24000000e+00,1.17537060e-03,1.34697289e+00,1.78062513e+00,8.91438886e-01,1.74937518e+00,3.36003159e+01,1.51009144e+00,5.13674356e+00
1.25000000e+00,1.48000000e+00,1.25000000e+00,1.21449686e-03,1.34697289e+00,1.78062513e+00,8.91438886e-01,1.74937518e+00,3.36003159e+01,1.51009144e+00,5.13674356e+00
1.26000000e+00,1.48000000e+00,1.26000000e+00,1.25397741e-03,1.34697289e+00,1.78062513e+00,8.91438886e-01,1.74937518e+00,3.36003159e+01,1.51009144e+00,5.13674356e+00
1.27000000e+00,1.48000000e+00,1.27000000e+00,1.29379862e-03,1.34697289e+00,1.78062513e+00,8.91438886e-01,1.74937518e+00,3.36003159e+01,1.51009144e+00,5.13674356e+00
1.28000000e+00,1.48000000e+00,1.28000000e+00,1.33394704e-03,1.34697289e+00,1.78062513e+00,8.91438886e-01,1.74937518e+00,3.36003159e+01,1.51009144e+00,5.13674356e+00
1.29000000e+00,1.48000000e+00,1.29000000e+00,1.37440940e-03,1.34697289e+00,1.78062513e+00,8.91438886e-01,1.74937518e+00,3.36003159e+01,1.51009144e+00,5.13674356e+00
1.30000000e+00,1.48000000e+00,1.30000000e+00,1.41517264e-03,1.34697289e+00,1.78062513e+00,8.91438886e-01,1.74937518e+00,3.36003159e+01,1.51009144e+00,5.13674356e+00
1.31000000e+00,1.48000000e+00,1.31000000e+00,1.45622390e-03,1.34697289e+00,1.78062513e+00,8.91438886e-01,1.74937518e+00,3.36003159e+01,1.51009144e+00,5.13674356e+00
1.32000000e+00,1.48000000e+00,1.32000000e+00,1.49755052e-03,1.34697289e+00,1.78062513e+00,8.91438886e-01,1.74937518e+00,3.36003159e+01,1.51009144e+00,5.13674356e+00
1.33000000e+00,1.48000000e+00,1.33000000e+00,1.53914001e-03,1.34697289e+00,1.78062513e+00,8.91438886e-01,1.74937518e+00,3.36003159e+01,1.51009144e+00,5.13674356e+00
1.34000000e+00,1.48000000e+00,1.34000000e+00,1.58098013e-03,1.34697289e+00,1.78062513e+00,8.91438886e-01,1.74937518e+00,3.36003159e+01,1.51009144e+00,5.13674356e+00
1.35000000e+00,1.48000000e+00,1.35000000e+00,1.62305881e-03,1.34697289e+00,1.78062513e+00,8.91438886e-01,1.74937518e+00,3.36003159e+01,1.51009144e+00,5.13674356e+00
1.36000000e+00,1.48000000e+00,1.36000000e+00,1.66536418e-03,1.34697289e+00,1.78062513e+00,8.91438886e-01,1.74937518e+00,3.36003159e+01,1.51009144e+00,5.13674356e+00
1.37000000e+00,1.48000000e+00,1.37000000e+00,1.70788460e-03,1.34697289e+00,1.78062513e+00,8.91438886e-01,1.74937518e+00,3.36003159e+01,1.51009144e+00,5.13674356e+00
1.38000000e+00,1.48000000e+00,1.38000000e+00,1.75060861e-03,1.34697289e+00,1.78062513e+00,8.91438886e-01,1.74937518e+00,3.36003159e+01,1.51009144e+00,5.13674356e+00
1.39000000e+00,1.48000000e+00,1.39000000e+00,1.79352496e-03,1.34697289e+00,1.78062513e+00,8.91438886e-01,1.74937518e+00,3.36003159e+01,1.51009144e+00,5.13674356e+00
1.40000000e+00,1.48000000e+00,1.40000000e+00,1.83662261e-03,1.34697289e+00,1.78062513e+00,8.91438886e-01,1.74937518e+00,3.36003159e+01,1.51009144e+00,5.13674356e+00
1.41000000e+00,1.48000000e+00,1.41000000e+00,1.87989070e-03,1.34697289e+00,1.78062513e+00,8.91438886e-01,1.74937518e+00,3.36003159e+01,1.51009144e+00,5.13674356e+00
1.42000000e+00,1.48000000e+00,1.42000000e+00,1.92331860e-03,1.34697289e+00,1.78062513e+00,8.91438886e-01,1.74937518e+00,3.36003159e+01,1.51009144e+00,5.13674356e+00
1.43000000e+00,1.48000000e+00,1.43000000e+00,1.96689584e-03,1.34697289e+00,1.78062513e+00,8.91438886e-01,1.74937518e+00,3.36003159e+01,1.51009144e+00,5.13674356e+00
1.44000000e+00,1.48000000e+00,1.44000000e+00,2.01061219e-03,1.34697289e+00,1.78062513e+00,8.91438886e-01,1.74937518e+00,3.36003159e+01,1.51009144e+00,5.13674356e+00
1.45000000e+00,1.48000000e+00,1.45000000e+00,2.05445758e-03,1.34697289e+00,1.78062513e+00,8.91438886e-01,1.74937518e+00,3.36003159e+01,1.51009144e+00,5.13674356e+00
1.46000000e+00,1.48000000e+00,1.46000000e+00,2.09842215e-03,1.34697289e+00,1.78062513e+00,8.91438886e-01,1.74937518e+00,3.36003159e+01,1.51009144e+00,5.13674356e+00
1.47000000e+00,1.48000000e+00,1.47000000e+00,2.14249624e-03,1.34697289e+00,1.78062513e+00,8.91438886e-01,1.74937518e+00,3.36003159e+01,1.51009144e+00,5.13674356e+00
1.48000000e+00,1.48000000e+00,1.48000000e+00,2.18667037e-03,1.34697289e+00,1.78062513e+00,8.91438886e-01,1.74937518e+00,3.36003159e+01,1.51009144e+00,5.13674356e+00
1.49000000e+00,1.48000000e+00,1.49000000e+00,2.23093523e-03,1.34697289e+00,1.78062513e+00,8.91438886e-01,1.74937518e+00,3.36003159e+01,1.51009144e+00,5.13674356e+00
1.50000000e+00,1.48000000e+00,1.50000000e+00,2.27528173e-03,1.34697289e+00,1.78062513e+00,8.91438886e-01,1.74937518e+00,3.36003159e+01,1.51009144e+00,5.13674356e+00
1.51000000e+00,1.48000000e+00,1.51000000e+00,2.31970094e-03,1.34697289e+00,1.78062513e+00,8.91438886e-01,1.74937518e+00,3.36003159e+01,1.51009144e+00,5.13674356e+00
1.52000000e+00,1.48000000e+00,1.52000000e+00,2.36418411e-03,1.34697289e+00,1.78062513e+00,8.91438886e-01,1.74937518e+00,3.36003159e+01,1.51009144e+00,5.13674356e+00
1.53000000e+00,1.48000000e+00,1.53000000e+00,2.40872268e-03,1.34697289e+00,1.78062513e+00,8.91438886e-01,1.74937518e+00,3.36003159e+01,1.51009144e+00,5.13674356e+00
1.54000000e+00,1.48000000e+00,1.54000000e+00,2.45330825e-03,1.34697289e+00,1.78062513e+00,8.91438886e-01,1.74937518e+00,3.36003159e+01,1.51009144e+00,5.13674356e+00
1.55000000e+00,1.48000000e+00,1.55000000e+00,2.49793261e-03,1.34697289e+00,1.78062513e+00,8.91438886e-01,1.74937518e+00,3.36003159e+01,1.51009144e+00,5.13674356e+00
1.56000000e+00,1.48000000e+00,1.56000000e+00,2.54258771e-03,1.34697289e+00,1.78062513e+00,8.91438886e-01,1.74937518e+00,3.36003159e+01,1.51009144e+00,5.13674356e+00
1.57000000e+00,1.48000000e+00,1.57000000e+00,2.58726566e-03,1.34697289e+00,1.78062513e+00,8.91438886e-01,1.74937518e+00,3.36003159e+01,1.51009144e+00,5.13674356e+00
1.58000000e+00,1.48000000e+00,1.58000000e+00,2.63195873e-03,1.34697289e+00,1.78062513e+00,8.91438886e-01,1.74937518e+00,3.36003159e+01,1.51009144e+00,5.13674356e+00
1.59000000e+00,1.48000000e+00,1.59000000e+00,2.67665938e-03,1.34697289e+00,1.78062513e+00,8.91438886e-01,1.74937518e+00,3.36003159e+01,1.51009144e+00,5.13674356e+00
1.60000000e+00,1.48000000e+00,1.60000000e+00,2.72136020e-03,1.34697289e+00,1.78062513e+00,8.91438886e-01,1.74937518e+00,3.36003159e+01,1.51009144e+00,5.13674356e+00
1.61000000e+00,1.48000000e+00,1.61000000e+00,2.76605394e-03,1.34697289e+00,1.78062513e+00,8.91438886e-01,1.74937518e+00,3.36003159e+01,1.51009144e+00,5.13674356e+00
1.62000000e+00,1.48000000e+00,1.62000000e+00,2.81073351e-03,1.34697289e+00,1.78062513e+00,8.91438886e-01,1.74937518e+00,3.36003159e+01,1.51009144e+00,5.13674356e+00
1.63000000e+00,1.48000000e+00,1.63000000e+00,2.85539195e-03,1.34697289e+00,1.78062513e+00,8.91438886e-01,1.74937518e+00,3.36003159e+01,1.51009144e+00,5.13674356e+00
1.64000000e+00,1.48000000e+00,1.64000000e+00,2.90002247e-03,1.34697289e+00,1.78062513e+00,8.91438886e-01,1.74937518e+00,3.36003159e+01,1.51009144e+00,5.13674356e+00
1.65000000e+00,1.48000000e+00,1.65000000e+00,2.94461841e-03,1.34697289e+00,1.78062513e+00,8.91438886e-01,1.74937518e+00,3.36003159e+01,1.51009144e+00,5.13674356e+00
1.66000000e+00,1.48000000e+00,1.66000000e+00,2.98917324e-03,1.34697289e+00,1.78062513e+00,8.91438886e-01,1.74937518e+00,3.36003159e+01,1.51009144e+00,5.13674356e+00
1.67000000e+00,1.48000000e+00,1.67000000e+00,3.03368059e-03,1.34697289e+00,1.78062513e+00,8.91438886e-01,1.74937518e+00,3.36003159e+01,1.51009144e+00,5.13674356e+00
1.68000000e+00,1.48000000e+00,1.68000000e+00,3.07813421e-03,1.34697289e+00,1.78062513e+00,8.91438886e-01,1.74937518e+00,3.36003159e+01,1.51009144e+00,5.13674356e+00
1.69000000e+00,1.48000000e+00,1.69000000e+00,3.12252797e-03,1.34697289e+00,1.78062513e+00,8.91438886e-01,1.74937518e+00,3.36003159e+01,1.51009144e+00,5.13674356e+00
1.70000000e+00,1.48000000e+00,1.70000000e+00,3.16685588e-03,1.34697289e+00,1.78062513e+00,8.91438886e-01,1.74937518e+00,3.36003159e+01,1.51009144e+00,5.13674356e+00
1.71000000e+00,1.48000000e+00,1.71000000e+00,3.21111207e-03,1.34697289e+00,1.78062513e+00,8.91438886e-01,1.74937518e+00,3.36003159e+01,1.51009144e+00,5.13674356e+00
1.72000000e+00,1.48000000e+00,1.72000000e+00,3.25529080e-03,1.34697289e+00,1.78062513e+00,8.91438886e-01,1.74937518e+00,3.36003159e+01,1.51009144e+00,5.13674356e+00
1.73000000e+00,1.48000000e+00,1.73000000e+00,3.29938643e-03,1.34697289e+00,1.78062513e+00,8.91438886e-01,1.74937518e+00,3.36003159e+01,1.51009144e+00,5.13674356e+00
1.74000000e+00,1.48000000e+00,1.74000000e+00,3.34339346e-03,1.34697289e+00,1.78062513e+00,8.91438886e-01,1.74937518e+00,3.36003159e+01,1.51009144e+00,5.13674356e+00
1.75000000e+00,1.48000000e+00,1.75000000e+00,3.38730648e-03,1.34697289e+00,1.78062513e+00,8.91438886e-01,1.74937518e+00,3.36003159e+01,1.51009144e+00,5.13674356e+00
1.76000000e+00,1.48000000e+00,1.76000000e+00,3.43112019e-03,1.34697289e+00,1.78062513e+00,8.91438886e-01,1.74937518e+00,3.36003159e+01,1.51009144e+00,5.13674356e+00
1.77000000e+00,1.48000000e+00,1.77000000e+00,3.47482942e-03,1.34697289e+00,1.78062513e+00,8.91438886e-01,1.74937518e+00,3.36003159e+01,1.51009144e+00,5.13674356e+00
1.78000000e+00,1.48000000e+00,1.78000000e+00,3.51842908e-03,1.34697289e+00,1.78062513e+00,8.91438886e-01,1.74937518e+00,3.36003159e+01,1.51009144e+00,5.13674356e+00
1.79000000e+00,1.48000000e+00,1.79000000e+00,3.56191419e-03,1.34697289e+00,1.78062513e+00,8.91438886e-01,1.74937518e+00,3.36003159e+01,1.51009144e+00,5.13674356e+00
1.80000000e+00,1.48000000e+00,1.80000000e+00,3.60527987e-03,1.34697289e+00,1.78062513e+00,8.91438886e-01,1.74937518e+00,3.36003159e+01,1.51009144e+00,5.13674356e+00
1.81000000e+00,1.48000000e+00,1.81000000e+00,3.64852132e-03,1.34697289e+00,1.78062513e+00,8.91438886e-01,1.74937518e+00,3.36003159e+01,1.51009144e+00,5.13674356e+00
1.82000000e+00,1.48000000e+00,1.82000000e+00,3.69163385e-03,1.34697289e+00,1.78062513e+00,8.91438886e-01,1.74937518e+00,3.36003159e+01,1.51009144e+00,5.13674356e+00
1.83000000e+00,1.48000000e+00,1.83000000e+00,3.73461286e-03,1.34697289e+00,1.78062513e+00,8.91438886e-01,1.74937518e+00,3.36003159e+01,1.51009144e+00,5.13674356e+00
1.84000000e+00,1.48000000e+00,1.84000000e+00,3.77745382e-03,1.34697289e+00,1.78062513e+00,8.91438886e-01,1.74937518e+00,3.36003159e+01,1.51009144e+00,5.13674356e+00
1.85000000e+00,1.48000000e+00,1.85000000e+00,3.82015231e-03,1.34697289e+00,1.78062513e+00,8.91438886e-01,1.74937518e+00,3.36003159e+01,1.51009144e+00,5.13674356e+00
