vSweep,run_num,vd,id,vth0,u0,rdsw,nfactor,vsat,eta0
0.00000000e+00,2.77800000e+03,0.00000000e+00,-1.85137528e-12,3.93572491e-01,7.16193308e-02,1.00279000e+02,1.13110000e+01,1.37848000e+05,-1.91127000e-01
1.00000000e-02,2.77800000e+03,1.00000000e-02,-1.85137532e-12,3.93572491e-01,7.16193308e-02,1.00279000e+02,1.13110000e+01,1.37848000e+05,-1.91127000e-01
2.00000000e-02,2.77800000e+03,2.00000000e-02,-1.85137542e-12,3.93572491e-01,7.16193308e-02,1.00279000e+02,1.13110000e+01,1.37848000e+05,-1.91127000e-01
3.00000000e-02,2.77800000e+03,3.00000000e-02,-1.85137556e-12,3.93572491e-01,7.16193308e-02,1.00279000e+02,1.13110000e+01,1.37848000e+05,-1.91127000e-01
4.00000000e-02,2.77800000e+03,4.00000000e-02,-1.85137578e-12,3.93572491e-01,7.16193308e-02,1.00279000e+02,1.13110000e+01,1.37848000e+05,-1.91127000e-01
5.00000000e-02,2.77800000e+03,5.00000000e-02,-1.85137614e-12,3.93572491e-01,7.16193308e-02,1.00279000e+02,1.13110000e+01,1.37848000e+05,-1.91127000e-01
6.00000000e-02,2.77800000e+03,6.00000000e-02,-1.85137672e-12,3.93572491e-01,7.16193308e-02,1.00279000e+02,1.13110000e+01,1.37848000e+05,-1.91127000e-01
7.00000000e-02,2.77800000e+03,7.00000000e-02,-1.85137766e-12,3.93572491e-01,7.16193308e-02,1.00279000e+02,1.13110000e+01,1.37848000e+05,-1.91127000e-01
8.00000000e-02,2.77800000e+03,8.00000000e-02,-1.85137918e-12,3.93572491e-01,7.16193308e-02,1.00279000e+02,1.13110000e+01,1.37848000e+05,-1.91127000e-01
9.00000000e-02,2.77800000e+03,9.00000000e-02,-1.85138165e-12,3.93572491e-01,7.16193308e-02,1.00279000e+02,1.13110000e+01,1.37848000e+05,-1.91127000e-01
1.00000000e-01,2.77800000e+03,1.00000000e-01,-1.85138565e-12,3.93572491e-01,7.16193308e-02,1.00279000e+02,1.13110000e+01,1.37848000e+05,-1.91127000e-01
1.10000000e-01,2.77800000e+03,1.10000000e-01,-1.85139213e-12,3.93572491e-01,7.16193308e-02,1.00279000e+02,1.13110000e+01,1.37848000e+05,-1.91127000e-01
1.20000000e-01,2.77800000e+03,1.20000000e-01,-1.85140263e-12,3.93572491e-01,7.16193308e-02,1.00279000e+02,1.13110000e+01,1.37848000e+05,-1.91127000e-01
1.30000000e-01,2.77800000e+03,1.30000000e-01,-1.85141964e-12,3.93572491e-01,7.16193308e-02,1.00279000e+02,1.13110000e+01,1.37848000e+05,-1.91127000e-01
1.40000000e-01,2.77800000e+03,1.40000000e-01,-1.85144720e-12,3.93572491e-01,7.16193308e-02,1.00279000e+02,1.13110000e+01,1.37848000e+05,-1.91127000e-01
1.50000000e-01,2.77800000e+03,1.50000000e-01,-1.85149185e-12,3.93572491e-01,7.16193308e-02,1.00279000e+02,1.13110000e+01,1.37848000e+05,-1.91127000e-01
1.60000000e-01,2.77800000e+03,1.60000000e-01,-1.85156417e-12,3.93572491e-01,7.16193308e-02,1.00279000e+02,1.13110000e+01,1.37848000e+05,-1.91127000e-01
1.70000000e-01,2.77800000e+03,1.70000000e-01,-1.85168135e-12,3.93572491e-01,7.16193308e-02,1.00279000e+02,1.13110000e+01,1.37848000e+05,-1.91127000e-01
1.80000000e-01,2.77800000e+03,1.80000000e-01,-1.85187118e-12,3.93572491e-01,7.16193308e-02,1.00279000e+02,1.13110000e+01,1.37848000e+05,-1.91127000e-01
1.90000000e-01,2.77800000e+03,1.90000000e-01,-1.85217871e-12,3.93572491e-01,7.16193308e-02,1.00279000e+02,1.13110000e+01,1.37848000e+05,-1.91127000e-01
2.00000000e-01,2.77800000e+03,2.00000000e-01,-1.85267693e-12,3.93572491e-01,7.16193308e-02,1.00279000e+02,1.13110000e+01,1.37848000e+05,-1.91127000e-01
2.10000000e-01,2.77800000e+03,2.10000000e-01,-1.85348406e-12,3.93572491e-01,7.16193308e-02,1.00279000e+02,1.13110000e+01,1.37848000e+05,-1.91127000e-01
2.20000000e-01,2.77800000e+03,2.20000000e-01,-1.85479166e-12,3.93572491e-01,7.16193308e-02,1.00279000e+02,1.13110000e+01,1.37848000e+05,-1.91127000e-01
2.30000000e-01,2.77800000e+03,2.30000000e-01,-1.85691001e-12,3.93572491e-01,7.16193308e-02,1.00279000e+02,1.13110000e+01,1.37848000e+05,-1.91127000e-01
2.40000000e-01,2.77800000e+03,2.40000000e-01,-1.86034182e-12,3.93572491e-01,7.16193308e-02,1.00279000e+02,1.13110000e+01,1.37848000e+05,-1.91127000e-01
2.50000000e-01,2.77800000e+03,2.50000000e-01,-1.86590144e-12,3.93572491e-01,7.16193308e-02,1.00279000e+02,1.13110000e+01,1.37848000e+05,-1.91127000e-01
2.60000000e-01,2.77800000e+03,2.60000000e-01,-1.87490812e-12,3.93572491e-01,7.16193308e-02,1.00279000e+02,1.13110000e+01,1.37848000e+05,-1.91127000e-01
2.70000000e-01,2.77800000e+03,2.70000000e-01,-1.88949899e-12,3.93572491e-01,7.16193308e-02,1.00279000e+02,1.13110000e+01,1.37848000e+05,-1.91127000e-01
2.80000000e-01,2.77800000e+03,2.80000000e-01,-1.91313604e-12,3.93572491e-01,7.16193308e-02,1.00279000e+02,1.13110000e+01,1.37848000e+05,-1.91127000e-01
2.90000000e-01,2.77800000e+03,2.90000000e-01,-1.95142738e-12,3.93572491e-01,7.16193308e-02,1.00279000e+02,1.13110000e+01,1.37848000e+05,-1.91127000e-01
3.00000000e-01,2.77800000e+03,3.00000000e-01,-2.01345730e-12,3.93572491e-01,7.16193308e-02,1.00279000e+02,1.13110000e+01,1.37848000e+05,-1.91127000e-01
3.10000000e-01,2.77800000e+03,3.10000000e-01,-2.11394050e-12,3.93572491e-01,7.16193308e-02,1.00279000e+02,1.13110000e+01,1.37848000e+05,-1.91127000e-01
3.20000000e-01,2.77800000e+03,3.20000000e-01,-2.27671079e-12,3.93572491e-01,7.16193308e-02,1.00279000e+02,1.13110000e+01,1.37848000e+05,-1.91127000e-01
3.30000000e-01,2.77800000e+03,3.30000000e-01,-2.54037018e-12,3.93572491e-01,7.16193308e-02,1.00279000e+02,1.13110000e+01,1.37848000e+05,-1.91127000e-01
3.40000000e-01,2.77800000e+03,3.40000000e-01,-2.96743541e-12,3.93572491e-01,7.16193308e-02,1.00279000e+02,1.13110000e+01,1.37848000e+05,-1.91127000e-01
3.50000000e-01,2.77800000e+03,3.50000000e-01,-3.65914419e-12,3.93572491e-01,7.16193308e-02,1.00279000e+02,1.13110000e+01,1.37848000e+05,-1.91127000e-01
3.60000000e-01,2.77800000e+03,3.60000000e-01,-4.77941894e-12,3.93572491e-01,7.16193308e-02,1.00279000e+02,1.13110000e+01,1.37848000e+05,-1.91127000e-01
3.70000000e-01,2.77800000e+03,3.70000000e-01,-6.59364099e-12,3.93572491e-01,7.16193308e-02,1.00279000e+02,1.13110000e+01,1.37848000e+05,-1.91127000e-01
3.80000000e-01,2.77800000e+03,3.80000000e-01,-9.53136742e-12,3.93572491e-01,7.16193308e-02,1.00279000e+02,1.13110000e+01,1.37848000e+05,-1.91127000e-01
3.90000000e-01,2.77800000e+03,3.90000000e-01,-1.42877315e-11,3.93572491e-01,7.16193308e-02,1.00279000e+02,1.13110000e+01,1.37848000e+05,-1.91127000e-01
4.00000000e-01,2.77800000e+03,4.00000000e-01,-2.19872964e-11,3.93572491e-01,7.16193308e-02,1.00279000e+02,1.13110000e+01,1.37848000e+05,-1.91127000e-01
4.10000000e-01,2.77800000e+03,4.10000000e-01,-3.44486439e-11,3.93572491e-01,7.16193308e-02,1.00279000e+02,1.13110000e+01,1.37848000e+05,-1.91127000e-01
4.20000000e-01,2.77800000e+03,4.20000000e-01,-5.46112517e-11,3.93572491e-01,7.16193308e-02,1.00279000e+02,1.13110000e+01,1.37848000e+05,-1.91127000e-01
4.30000000e-01,2.77800000e+03,4.30000000e-01,-8.72234302e-11,3.93572491e-01,7.16193308e-02,1.00279000e+02,1.13110000e+01,1.37848000e+05,-1.91127000e-01
4.40000000e-01,2.77800000e+03,4.40000000e-01,-1.39949403e-10,3.93572491e-01,7.16193308e-02,1.00279000e+02,1.13110000e+01,1.37848000e+05,-1.91127000e-01
4.50000000e-01,2.77800000e+03,4.50000000e-01,-2.25147714e-10,3.93572491e-01,7.16193308e-02,1.00279000e+02,1.13110000e+01,1.37848000e+05,-1.91127000e-01
4.60000000e-01,2.77800000e+03,4.60000000e-01,-3.62721591e-10,3.93572491e-01,7.16193308e-02,1.00279000e+02,1.13110000e+01,1.37848000e+05,-1.91127000e-01
4.70000000e-01,2.77800000e+03,4.70000000e-01,-5.84674395e-10,3.93572491e-01,7.16193308e-02,1.00279000e+02,1.13110000e+01,1.37848000e+05,-1.91127000e-01
4.80000000e-01,2.77800000e+03,4.80000000e-01,-9.42364120e-10,3.93572491e-01,7.16193308e-02,1.00279000e+02,1.13110000e+01,1.37848000e+05,-1.91127000e-01
4.90000000e-01,2.77800000e+03,4.90000000e-01,-1.51800443e-09,3.93572491e-01,7.16193308e-02,1.00279000e+02,1.13110000e+01,1.37848000e+05,-1.91127000e-01
5.00000000e-01,2.77800000e+03,5.00000000e-01,-2.44279666e-09,3.93572491e-01,7.16193308e-02,1.00279000e+02,1.13110000e+01,1.37848000e+05,-1.91127000e-01
5.10000000e-01,2.77800000e+03,5.10000000e-01,-3.92531930e-09,3.93572491e-01,7.16193308e-02,1.00279000e+02,1.13110000e+01,1.37848000e+05,-1.91127000e-01
5.20000000e-01,2.77800000e+03,5.20000000e-01,-6.29560427e-09,3.93572491e-01,7.16193308e-02,1.00279000e+02,1.13110000e+01,1.37848000e+05,-1.91127000e-01
5.30000000e-01,2.77800000e+03,5.30000000e-01,-1.00728720e-08,3.93572491e-01,7.16193308e-02,1.00279000e+02,1.13110000e+01,1.37848000e+05,-1.91127000e-01
5.40000000e-01,2.77800000e+03,5.40000000e-01,-1.60683704e-08,3.93572491e-01,7.16193308e-02,1.00279000e+02,1.13110000e+01,1.37848000e+05,-1.91127000e-01
5.50000000e-01,2.77800000e+03,5.50000000e-01,-2.55393308e-08,3.93572491e-01,7.16193308e-02,1.00279000e+02,1.13110000e+01,1.37848000e+05,-1.91127000e-01
5.60000000e-01,2.77800000e+03,5.60000000e-01,-4.04158604e-08,3.93572491e-01,7.16193308e-02,1.00279000e+02,1.13110000e+01,1.37848000e+05,-1.91127000e-01
5.70000000e-01,2.77800000e+03,5.70000000e-01,-6.36298069e-08,3.93572491e-01,7.16193308e-02,1.00279000e+02,1.13110000e+01,1.37848000e+05,-1.91127000e-01
5.80000000e-01,2.77800000e+03,5.80000000e-01,-9.95836791e-08,3.93572491e-01,7.16193308e-02,1.00279000e+02,1.13110000e+01,1.37848000e+05,-1.91127000e-01
5.90000000e-01,2.77800000e+03,5.90000000e-01,-1.54809562e-07,3.93572491e-01,7.16193308e-02,1.00279000e+02,1.13110000e+01,1.37848000e+05,-1.91127000e-01
6.00000000e-01,2.77800000e+03,6.00000000e-01,-2.38883854e-07,3.93572491e-01,7.16193308e-02,1.00279000e+02,1.13110000e+01,1.37848000e+05,-1.91127000e-01
6.10000000e-01,2.77800000e+03,6.10000000e-01,-3.65682446e-07,3.93572491e-01,7.16193308e-02,1.00279000e+02,1.13110000e+01,1.37848000e+05,-1.91127000e-01
6.20000000e-01,2.77800000e+03,6.20000000e-01,-5.55071078e-07,3.93572491e-01,7.16193308e-02,1.00279000e+02,1.13110000e+01,1.37848000e+05,-1.91127000e-01
6.30000000e-01,2.77800000e+03,6.30000000e-01,-8.35091439e-07,3.93572491e-01,7.16193308e-02,1.00279000e+02,1.13110000e+01,1.37848000e+05,-1.91127000e-01
6.40000000e-01,2.77800000e+03,6.40000000e-01,-1.24455703e-06,3.93572491e-01,7.16193308e-02,1.00279000e+02,1.13110000e+01,1.37848000e+05,-1.91127000e-01
6.50000000e-01,2.77800000e+03,6.50000000e-01,-1.83564145e-06,3.93572491e-01,7.16193308e-02,1.00279000e+02,1.13110000e+01,1.37848000e+05,-1.91127000e-01
6.60000000e-01,2.77800000e+03,6.60000000e-01,-2.67554256e-06,3.93572491e-01,7.16193308e-02,1.00279000e+02,1.13110000e+01,1.37848000e+05,-1.91127000e-01
6.70000000e-01,2.77800000e+03,6.70000000e-01,-3.84586837e-06,3.93572491e-01,7.16193308e-02,1.00279000e+02,1.13110000e+01,1.37848000e+05,-1.91127000e-01
6.80000000e-01,2.77800000e+03,6.80000000e-01,-5.43845143e-06,3.93572491e-01,7.16193308e-02,1.00279000e+02,1.13110000e+01,1.37848000e+05,-1.91127000e-01
6.90000000e-01,2.77800000e+03,6.90000000e-01,-7.54721405e-06,3.93572491e-01,7.16193308e-02,1.00279000e+02,1.13110000e+01,1.37848000e+05,-1.91127000e-01
7.00000000e-01,2.77800000e+03,7.00000000e-01,-1.02573050e-05,3.93572491e-01,7.16193308e-02,1.00279000e+02,1.13110000e+01,1.37848000e+05,-1.91127000e-01
7.10000000e-01,2.77800000e+03,7.10000000e-01,-1.36341877e-05,3.93572491e-01,7.16193308e-02,1.00279000e+02,1.13110000e+01,1.37848000e+05,-1.91127000e-01
7.20000000e-01,2.77800000e+03,7.20000000e-01,-1.77157258e-05,3.93572491e-01,7.16193308e-02,1.00279000e+02,1.13110000e+01,1.37848000e+05,-1.91127000e-01
7.30000000e-01,2.77800000e+03,7.30000000e-01,-2.25092783e-05,3.93572491e-01,7.16193308e-02,1.00279000e+02,1.13110000e+01,1.37848000e+05,-1.91127000e-01
7.40000000e-01,2.77800000e+03,7.40000000e-01,-2.79939975e-05,3.93572491e-01,7.16193308e-02,1.00279000e+02,1.13110000e+01,1.37848000e+05,-1.91127000e-01
7.50000000e-01,2.77800000e+03,7.50000000e-01,-3.41269223e-05,3.93572491e-01,7.16193308e-02,1.00279000e+02,1.13110000e+01,1.37848000e+05,-1.91127000e-01
7.60000000e-01,2.77800000e+03,7.60000000e-01,-4.08507540e-05,3.93572491e-01,7.16193308e-02,1.00279000e+02,1.13110000e+01,1.37848000e+05,-1.91127000e-01
7.70000000e-01,2.77800000e+03,7.70000000e-01,-4.81014024e-05,3.93572491e-01,7.16193308e-02,1.00279000e+02,1.13110000e+01,1.37848000e+05,-1.91127000e-01
7.80000000e-01,2.77800000e+03,7.80000000e-01,-5.58140985e-05,3.93572491e-01,7.16193308e-02,1.00279000e+02,1.13110000e+01,1.37848000e+05,-1.91127000e-01
7.90000000e-01,2.77800000e+03,7.90000000e-01,-6.39276253e-05,3.93572491e-01,7.16193308e-02,1.00279000e+02,1.13110000e+01,1.37848000e+05,-1.91127000e-01
8.00000000e-01,2.77800000e+03,8.00000000e-01,-7.23867653e-05,3.93572491e-01,7.16193308e-02,1.00279000e+02,1.13110000e+01,1.37848000e+05,-1.91127000e-01
8.10000000e-01,2.77800000e+03,8.10000000e-01,-8.11433379e-05,3.93572491e-01,7.16193308e-02,1.00279000e+02,1.13110000e+01,1.37848000e+05,-1.91127000e-01
8.20000000e-01,2.77800000e+03,8.20000000e-01,-9.01562686e-05,3.93572491e-01,7.16193308e-02,1.00279000e+02,1.13110000e+01,1.37848000e+05,-1.91127000e-01
8.30000000e-01,2.77800000e+03,8.30000000e-01,-9.93910795e-05,3.93572491e-01,7.16193308e-02,1.00279000e+02,1.13110000e+01,1.37848000e+05,-1.91127000e-01
8.40000000e-01,2.77800000e+03,8.40000000e-01,-1.08819095e-04,3.93572491e-01,7.16193308e-02,1.00279000e+02,1.13110000e+01,1.37848000e+05,-1.91127000e-01
8.50000000e-01,2.77800000e+03,8.50000000e-01,-1.18416561e-04,3.93572491e-01,7.16193308e-02,1.00279000e+02,1.13110000e+01,1.37848000e+05,-1.91127000e-01
8.60000000e-01,2.77800000e+03,8.60000000e-01,-1.28163788e-04,3.93572491e-01,7.16193308e-02,1.00279000e+02,1.13110000e+01,1.37848000e+05,-1.91127000e-01
8.70000000e-01,2.77800000e+03,8.70000000e-01,-1.38044390e-04,3.93572491e-01,7.16193308e-02,1.00279000e+02,1.13110000e+01,1.37848000e+05,-1.91127000e-01
8.80000000e-01,2.77800000e+03,8.80000000e-01,-1.48044630e-04,3.93572491e-01,7.16193308e-02,1.00279000e+02,1.13110000e+01,1.37848000e+05,-1.91127000e-01
8.90000000e-01,2.77800000e+03,8.90000000e-01,-1.58152884e-04,3.93572491e-01,7.16193308e-02,1.00279000e+02,1.13110000e+01,1.37848000e+05,-1.91127000e-01
9.00000000e-01,2.77800000e+03,9.00000000e-01,-1.68359208e-04,3.93572491e-01,7.16193308e-02,1.00279000e+02,1.13110000e+01,1.37848000e+05,-1.91127000e-01
9.10000000e-01,2.77800000e+03,9.10000000e-01,-1.78654996e-04,3.93572491e-01,7.16193308e-02,1.00279000e+02,1.13110000e+01,1.37848000e+05,-1.91127000e-01
9.20000000e-01,2.77800000e+03,9.20000000e-01,-1.89032712e-04,3.93572491e-01,7.16193308e-02,1.00279000e+02,1.13110000e+01,1.37848000e+05,-1.91127000e-01
9.30000000e-01,2.77800000e+03,9.30000000e-01,-1.99485685e-04,3.93572491e-01,7.16193308e-02,1.00279000e+02,1.13110000e+01,1.37848000e+05,-1.91127000e-01
9.40000000e-01,2.77800000e+03,9.40000000e-01,-2.10007947e-04,3.93572491e-01,7.16193308e-02,1.00279000e+02,1.13110000e+01,1.37848000e+05,-1.91127000e-01
9.50000000e-01,2.77800000e+03,9.50000000e-01,-2.20594112e-04,3.93572491e-01,7.16193308e-02,1.00279000e+02,1.13110000e+01,1.37848000e+05,-1.91127000e-01
9.60000000e-01,2.77800000e+03,9.60000000e-01,-2.31239284e-04,3.93572491e-01,7.16193308e-02,1.00279000e+02,1.13110000e+01,1.37848000e+05,-1.91127000e-01
9.70000000e-01,2.77800000e+03,9.70000000e-01,-2.41938976e-04,3.93572491e-01,7.16193308e-02,1.00279000e+02,1.13110000e+01,1.37848000e+05,-1.91127000e-01
9.80000000e-01,2.77800000e+03,9.80000000e-01,-2.52689066e-04,3.93572491e-01,7.16193308e-02,1.00279000e+02,1.13110000e+01,1.37848000e+05,-1.91127000e-01
9.90000000e-01,2.77800000e+03,9.90000000e-01,-2.63485745e-04,3.93572491e-01,7.16193308e-02,1.00279000e+02,1.13110000e+01,1.37848000e+05,-1.91127000e-01
1.00000000e+00,2.77800000e+03,1.00000000e+00,-2.74325484e-04,3.93572491e-01,7.16193308e-02,1.00279000e+02,1.13110000e+01,1.37848000e+05,-1.91127000e-01
1.01000000e+00,2.77800000e+03,1.01000000e+00,-2.85205005e-04,3.93572491e-01,7.16193308e-02,1.00279000e+02,1.13110000e+01,1.37848000e+05,-1.91127000e-01
1.02000000e+00,2.77800000e+03,1.02000000e+00,-2.96121257e-04,3.93572491e-01,7.16193308e-02,1.00279000e+02,1.13110000e+01,1.37848000e+05,-1.91127000e-01
1.03000000e+00,2.77800000e+03,1.03000000e+00,-3.07071398e-04,3.93572491e-01,7.16193308e-02,1.00279000e+02,1.13110000e+01,1.37848000e+05,-1.91127000e-01
1.04000000e+00,2.77800000e+03,1.04000000e+00,-3.18052775e-04,3.93572491e-01,7.16193308e-02,1.00279000e+02,1.13110000e+01,1.37848000e+05,-1.91127000e-01
1.05000000e+00,2.77800000e+03,1.05000000e+00,-3.29062912e-04,3.93572491e-01,7.16193308e-02,1.00279000e+02,1.13110000e+01,1.37848000e+05,-1.91127000e-01
1.06000000e+00,2.77800000e+03,1.06000000e+00,-3.40099496e-04,3.93572491e-01,7.16193308e-02,1.00279000e+02,1.13110000e+01,1.37848000e+05,-1.91127000e-01
1.07000000e+00,2.77800000e+03,1.07000000e+00,-3.51160365e-04,3.93572491e-01,7.16193308e-02,1.00279000e+02,1.13110000e+01,1.37848000e+05,-1.91127000e-01
1.08000000e+00,2.77800000e+03,1.08000000e+00,-3.62243498e-04,3.93572491e-01,7.16193308e-02,1.00279000e+02,1.13110000e+01,1.37848000e+05,-1.91127000e-01
1.09000000e+00,2.77800000e+03,1.09000000e+00,-3.73347005e-04,3.93572491e-01,7.16193308e-02,1.00279000e+02,1.13110000e+01,1.37848000e+05,-1.91127000e-01
1.10000000e+00,2.77800000e+03,1.10000000e+00,-3.84469119e-04,3.93572491e-01,7.16193308e-02,1.00279000e+02,1.13110000e+01,1.37848000e+05,-1.91127000e-01
1.11000000e+00,2.77800000e+03,1.11000000e+00,-3.95608186e-04,3.93572491e-01,7.16193308e-02,1.00279000e+02,1.13110000e+01,1.37848000e+05,-1.91127000e-01
1.12000000e+00,2.77800000e+03,1.12000000e+00,-4.06762658e-04,3.93572491e-01,7.16193308e-02,1.00279000e+02,1.13110000e+01,1.37848000e+05,-1.91127000e-01
1.13000000e+00,2.77800000e+03,1.13000000e+00,-4.17931087e-04,3.93572491e-01,7.16193308e-02,1.00279000e+02,1.13110000e+01,1.37848000e+05,-1.91127000e-01
1.14000000e+00,2.77800000e+03,1.14000000e+00,-4.29112117e-04,3.93572491e-01,7.16193308e-02,1.00279000e+02,1.13110000e+01,1.37848000e+05,-1.91127000e-01
1.15000000e+00,2.77800000e+03,1.15000000e+00,-4.40304478e-04,3.93572491e-01,7.16193308e-02,1.00279000e+02,1.13110000e+01,1.37848000e+05,-1.91127000e-01
1.16000000e+00,2.77800000e+03,1.16000000e+00,-4.51506981e-04,3.93572491e-01,7.16193308e-02,1.00279000e+02,1.13110000e+01,1.37848000e+05,-1.91127000e-01
1.17000000e+00,2.77800000e+03,1.17000000e+00,-4.62718512e-04,3.93572491e-01,7.16193308e-02,1.00279000e+02,1.13110000e+01,1.37848000e+05,-1.91127000e-01
1.18000000e+00,2.77800000e+03,1.18000000e+00,-4.73938026e-04,3.93572491e-01,7.16193308e-02,1.00279000e+02,1.13110000e+01,1.37848000e+05,-1.91127000e-01
1.19000000e+00,2.77800000e+03,1.19000000e+00,-4.85164546e-04,3.93572491e-01,7.16193308e-02,1.00279000e+02,1.13110000e+01,1.37848000e+05,-1.91127000e-01
1.20000000e+00,2.77800000e+03,1.20000000e+00,-4.96397154e-04,3.93572491e-01,7.16193308e-02,1.00279000e+02,1.13110000e+01,1.37848000e+05,-1.91127000e-01
1.21000000e+00,2.77800000e+03,1.21000000e+00,-5.07634989e-04,3.93572491e-01,7.16193308e-02,1.00279000e+02,1.13110000e+01,1.37848000e+05,-1.91127000e-01
1.22000000e+00,2.77800000e+03,1.22000000e+00,-5.18877243e-04,3.93572491e-01,7.16193308e-02,1.00279000e+02,1.13110000e+01,1.37848000e+05,-1.91127000e-01
1.23000000e+00,2.77800000e+03,1.23000000e+00,-5.30123160e-04,3.93572491e-01,7.16193308e-02,1.00279000e+02,1.13110000e+01,1.37848000e+05,-1.91127000e-01
1.24000000e+00,2.77800000e+03,1.24000000e+00,-5.41372028e-04,3.93572491e-01,7.16193308e-02,1.00279000e+02,1.13110000e+01,1.37848000e+05,-1.91127000e-01
1.25000000e+00,2.77800000e+03,1.25000000e+00,-5.52623179e-04,3.93572491e-01,7.16193308e-02,1.00279000e+02,1.13110000e+01,1.37848000e+05,-1.91127000e-01
1.26000000e+00,2.77800000e+03,1.26000000e+00,-5.63875986e-04,3.93572491e-01,7.16193308e-02,1.00279000e+02,1.13110000e+01,1.37848000e+05,-1.91127000e-01
1.27000000e+00,2.77800000e+03,1.27000000e+00,-5.75129861e-04,3.93572491e-01,7.16193308e-02,1.00279000e+02,1.13110000e+01,1.37848000e+05,-1.91127000e-01
1.28000000e+00,2.77800000e+03,1.28000000e+00,-5.86384250e-04,3.93572491e-01,7.16193308e-02,1.00279000e+02,1.13110000e+01,1.37848000e+05,-1.91127000e-01
1.29000000e+00,2.77800000e+03,1.29000000e+00,-5.97638631e-04,3.93572491e-01,7.16193308e-02,1.00279000e+02,1.13110000e+01,1.37848000e+05,-1.91127000e-01
1.30000000e+00,2.77800000e+03,1.30000000e+00,-6.08892517e-04,3.93572491e-01,7.16193308e-02,1.00279000e+02,1.13110000e+01,1.37848000e+05,-1.91127000e-01
1.31000000e+00,2.77800000e+03,1.31000000e+00,-6.20145448e-04,3.93572491e-01,7.16193308e-02,1.00279000e+02,1.13110000e+01,1.37848000e+05,-1.91127000e-01
1.32000000e+00,2.77800000e+03,1.32000000e+00,-6.31396990e-04,3.93572491e-01,7.16193308e-02,1.00279000e+02,1.13110000e+01,1.37848000e+05,-1.91127000e-01
1.33000000e+00,2.77800000e+03,1.33000000e+00,-6.42646737e-04,3.93572491e-01,7.16193308e-02,1.00279000e+02,1.13110000e+01,1.37848000e+05,-1.91127000e-01
1.34000000e+00,2.77800000e+03,1.34000000e+00,-6.53894307e-04,3.93572491e-01,7.16193308e-02,1.00279000e+02,1.13110000e+01,1.37848000e+05,-1.91127000e-01
1.35000000e+00,2.77800000e+03,1.35000000e+00,-6.65139339e-04,3.93572491e-01,7.16193308e-02,1.00279000e+02,1.13110000e+01,1.37848000e+05,-1.91127000e-01
1.36000000e+00,2.77800000e+03,1.36000000e+00,-6.76381494e-04,3.93572491e-01,7.16193308e-02,1.00279000e+02,1.13110000e+01,1.37848000e+05,-1.91127000e-01
1.37000000e+00,2.77800000e+03,1.37000000e+00,-6.87620454e-04,3.93572491e-01,7.16193308e-02,1.00279000e+02,1.13110000e+01,1.37848000e+05,-1.91127000e-01
1.38000000e+00,2.77800000e+03,1.38000000e+00,-6.98855918e-04,3.93572491e-01,7.16193308e-02,1.00279000e+02,1.13110000e+01,1.37848000e+05,-1.91127000e-01
1.39000000e+00,2.77800000e+03,1.39000000e+00,-7.10087604e-04,3.93572491e-01,7.16193308e-02,1.00279000e+02,1.13110000e+01,1.37848000e+05,-1.91127000e-01
1.40000000e+00,2.77800000e+03,1.40000000e+00,-7.21315246e-04,3.93572491e-01,7.16193308e-02,1.00279000e+02,1.13110000e+01,1.37848000e+05,-1.91127000e-01
1.41000000e+00,2.77800000e+03,1.41000000e+00,-7.32538593e-04,3.93572491e-01,7.16193308e-02,1.00279000e+02,1.13110000e+01,1.37848000e+05,-1.91127000e-01
1.42000000e+00,2.77800000e+03,1.42000000e+00,-7.43757410e-04,3.93572491e-01,7.16193308e-02,1.00279000e+02,1.13110000e+01,1.37848000e+05,-1.91127000e-01
1.43000000e+00,2.77800000e+03,1.43000000e+00,-7.54971476e-04,3.93572491e-01,7.16193308e-02,1.00279000e+02,1.13110000e+01,1.37848000e+05,-1.91127000e-01
1.44000000e+00,2.77800000e+03,1.44000000e+00,-7.66180581e-04,3.93572491e-01,7.16193308e-02,1.00279000e+02,1.13110000e+01,1.37848000e+05,-1.91127000e-01
1.45000000e+00,2.77800000e+03,1.45000000e+00,-7.77384529e-04,3.93572491e-01,7.16193308e-02,1.00279000e+02,1.13110000e+01,1.37848000e+05,-1.91127000e-01
1.46000000e+00,2.77800000e+03,1.46000000e+00,-7.88583135e-04,3.93572491e-01,7.16193308e-02,1.00279000e+02,1.13110000e+01,1.37848000e+05,-1.91127000e-01
1.47000000e+00,2.77800000e+03,1.47000000e+00,-7.99776226e-04,3.93572491e-01,7.16193308e-02,1.00279000e+02,1.13110000e+01,1.37848000e+05,-1.91127000e-01
1.48000000e+00,2.77800000e+03,1.48000000e+00,-8.10963637e-04,3.93572491e-01,7.16193308e-02,1.00279000e+02,1.13110000e+01,1.37848000e+05,-1.91127000e-01
1.49000000e+00,2.77800000e+03,1.49000000e+00,-8.22145215e-04,3.93572491e-01,7.16193308e-02,1.00279000e+02,1.13110000e+01,1.37848000e+05,-1.91127000e-01
1.50000000e+00,2.77800000e+03,1.50000000e+00,-8.33320815e-04,3.93572491e-01,7.16193308e-02,1.00279000e+02,1.13110000e+01,1.37848000e+05,-1.91127000e-01
1.51000000e+00,2.77800000e+03,1.51000000e+00,-8.44490300e-04,3.93572491e-01,7.16193308e-02,1.00279000e+02,1.13110000e+01,1.37848000e+05,-1.91127000e-01
1.52000000e+00,2.77800000e+03,1.52000000e+00,-8.55653543e-04,3.93572491e-01,7.16193308e-02,1.00279000e+02,1.13110000e+01,1.37848000e+05,-1.91127000e-01
1.53000000e+00,2.77800000e+03,1.53000000e+00,-8.66810424e-04,3.93572491e-01,7.16193308e-02,1.00279000e+02,1.13110000e+01,1.37848000e+05,-1.91127000e-01
1.54000000e+00,2.77800000e+03,1.54000000e+00,-8.77960828e-04,3.93572491e-01,7.16193308e-02,1.00279000e+02,1.13110000e+01,1.37848000e+05,-1.91127000e-01
1.55000000e+00,2.77800000e+03,1.55000000e+00,-8.89104650e-04,3.93572491e-01,7.16193308e-02,1.00279000e+02,1.13110000e+01,1.37848000e+05,-1.91127000e-01
1.56000000e+00,2.77800000e+03,1.56000000e+00,-9.00241791e-04,3.93572491e-01,7.16193308e-02,1.00279000e+02,1.13110000e+01,1.37848000e+05,-1.91127000e-01
1.57000000e+00,2.77800000e+03,1.57000000e+00,-9.11372156e-04,3.93572491e-01,7.16193308e-02,1.00279000e+02,1.13110000e+01,1.37848000e+05,-1.91127000e-01
1.58000000e+00,2.77800000e+03,1.58000000e+00,-9.22495657e-04,3.93572491e-01,7.16193308e-02,1.00279000e+02,1.13110000e+01,1.37848000e+05,-1.91127000e-01
1.59000000e+00,2.77800000e+03,1.59000000e+00,-9.33612212e-04,3.93572491e-01,7.16193308e-02,1.00279000e+02,1.13110000e+01,1.37848000e+05,-1.91127000e-01
1.60000000e+00,2.77800000e+03,1.60000000e+00,-9.44721743e-04,3.93572491e-01,7.16193308e-02,1.00279000e+02,1.13110000e+01,1.37848000e+05,-1.91127000e-01
1.61000000e+00,2.77800000e+03,1.61000000e+00,-9.55824178e-04,3.93572491e-01,7.16193308e-02,1.00279000e+02,1.13110000e+01,1.37848000e+05,-1.91127000e-01
1.62000000e+00,2.77800000e+03,1.62000000e+00,-9.66919449e-04,3.93572491e-01,7.16193308e-02,1.00279000e+02,1.13110000e+01,1.37848000e+05,-1.91127000e-01
1.63000000e+00,2.77800000e+03,1.63000000e+00,-9.78007492e-04,3.93572491e-01,7.16193308e-02,1.00279000e+02,1.13110000e+01,1.37848000e+05,-1.91127000e-01
1.64000000e+00,2.77800000e+03,1.64000000e+00,-9.89088246e-04,3.93572491e-01,7.16193308e-02,1.00279000e+02,1.13110000e+01,1.37848000e+05,-1.91127000e-01
1.65000000e+00,2.77800000e+03,1.65000000e+00,-1.00016166e-03,3.93572491e-01,7.16193308e-02,1.00279000e+02,1.13110000e+01,1.37848000e+05,-1.91127000e-01
1.66000000e+00,2.77800000e+03,1.66000000e+00,-1.01122767e-03,3.93572491e-01,7.16193308e-02,1.00279000e+02,1.13110000e+01,1.37848000e+05,-1.91127000e-01
1.67000000e+00,2.77800000e+03,1.67000000e+00,-1.02228624e-03,3.93572491e-01,7.16193308e-02,1.00279000e+02,1.13110000e+01,1.37848000e+05,-1.91127000e-01
1.68000000e+00,2.77800000e+03,1.68000000e+00,-1.03333732e-03,3.93572491e-01,7.16193308e-02,1.00279000e+02,1.13110000e+01,1.37848000e+05,-1.91127000e-01
1.69000000e+00,2.77800000e+03,1.69000000e+00,-1.04438086e-03,3.93572491e-01,7.16193308e-02,1.00279000e+02,1.13110000e+01,1.37848000e+05,-1.91127000e-01
1.70000000e+00,2.77800000e+03,1.70000000e+00,-1.05541683e-03,3.93572491e-01,7.16193308e-02,1.00279000e+02,1.13110000e+01,1.37848000e+05,-1.91127000e-01
1.71000000e+00,2.77800000e+03,1.71000000e+00,-1.06644519e-03,3.93572491e-01,7.16193308e-02,1.00279000e+02,1.13110000e+01,1.37848000e+05,-1.91127000e-01
1.72000000e+00,2.77800000e+03,1.72000000e+00,-1.07746591e-03,3.93572491e-01,7.16193308e-02,1.00279000e+02,1.13110000e+01,1.37848000e+05,-1.91127000e-01
1.73000000e+00,2.77800000e+03,1.73000000e+00,-1.08847894e-03,3.93572491e-01,7.16193308e-02,1.00279000e+02,1.13110000e+01,1.37848000e+05,-1.91127000e-01
1.74000000e+00,2.77800000e+03,1.74000000e+00,-1.09948426e-03,3.93572491e-01,7.16193308e-02,1.00279000e+02,1.13110000e+01,1.37848000e+05,-1.91127000e-01
1.75000000e+00,2.77800000e+03,1.75000000e+00,-1.11048185e-03,3.93572491e-01,7.16193308e-02,1.00279000e+02,1.13110000e+01,1.37848000e+05,-1.91127000e-01
1.76000000e+00,2.77800000e+03,1.76000000e+00,-1.12147167e-03,3.93572491e-01,7.16193308e-02,1.00279000e+02,1.13110000e+01,1.37848000e+05,-1.91127000e-01
1.77000000e+00,2.77800000e+03,1.77000000e+00,-1.13245370e-03,3.93572491e-01,7.16193308e-02,1.00279000e+02,1.13110000e+01,1.37848000e+05,-1.91127000e-01
1.78000000e+00,2.77800000e+03,1.78000000e+00,-1.14342792e-03,3.93572491e-01,7.16193308e-02,1.00279000e+02,1.13110000e+01,1.37848000e+05,-1.91127000e-01
1.79000000e+00,2.77800000e+03,1.79000000e+00,-1.15439431e-03,3.93572491e-01,7.16193308e-02,1.00279000e+02,1.13110000e+01,1.37848000e+05,-1.91127000e-01
1.80000000e+00,2.77800000e+03,1.80000000e+00,-1.16535285e-03,3.93572491e-01,7.16193308e-02,1.00279000e+02,1.13110000e+01,1.37848000e+05,-1.91127000e-01
