vSweep,run_num,vd,id,vth0,u0,rdsw,nfactor,vsat,eta0
0.00000000e+00,9.75000000e+03,0.00000000e+00,-1.85137551e-12,3.61140413e-01,6.29707769e-02,1.00279000e+02,1.13110000e+01,1.37848000e+05,-1.91127000e-01
1.00000000e-02,9.75000000e+03,1.00000000e-02,-1.85137566e-12,3.61140413e-01,6.29707769e-02,1.00279000e+02,1.13110000e+01,1.37848000e+05,-1.91127000e-01
2.00000000e-02,9.75000000e+03,2.00000000e-02,-1.85137601e-12,3.61140413e-01,6.29707769e-02,1.00279000e+02,1.13110000e+01,1.37848000e+05,-1.91127000e-01
3.00000000e-02,9.75000000e+03,3.00000000e-02,-1.85137652e-12,3.61140413e-01,6.29707769e-02,1.00279000e+02,1.13110000e+01,1.37848000e+05,-1.91127000e-01
4.00000000e-02,9.75000000e+03,4.00000000e-02,-1.85137734e-12,3.61140413e-01,6.29707769e-02,1.00279000e+02,1.13110000e+01,1.37848000e+05,-1.91127000e-01
5.00000000e-02,9.75000000e+03,5.00000000e-02,-1.85137866e-12,3.61140413e-01,6.29707769e-02,1.00279000e+02,1.13110000e+01,1.37848000e+05,-1.91127000e-01
6.00000000e-02,9.75000000e+03,6.00000000e-02,-1.85138081e-12,3.61140413e-01,6.29707769e-02,1.00279000e+02,1.13110000e+01,1.37848000e+05,-1.91127000e-01
7.00000000e-02,9.75000000e+03,7.00000000e-02,-1.85138429e-12,3.61140413e-01,6.29707769e-02,1.00279000e+02,1.13110000e+01,1.37848000e+05,-1.91127000e-01
8.00000000e-02,9.75000000e+03,8.00000000e-02,-1.85138993e-12,3.61140413e-01,6.29707769e-02,1.00279000e+02,1.13110000e+01,1.37848000e+05,-1.91127000e-01
9.00000000e-02,9.75000000e+03,9.00000000e-02,-1.85139906e-12,3.61140413e-01,6.29707769e-02,1.00279000e+02,1.13110000e+01,1.37848000e+05,-1.91127000e-01
1.00000000e-01,9.75000000e+03,1.00000000e-01,-1.85141385e-12,3.61140413e-01,6.29707769e-02,1.00279000e+02,1.13110000e+01,1.37848000e+05,-1.91127000e-01
1.10000000e-01,9.75000000e+03,1.10000000e-01,-1.85143782e-12,3.61140413e-01,6.29707769e-02,1.00279000e+02,1.13110000e+01,1.37848000e+05,-1.91127000e-01
1.20000000e-01,9.75000000e+03,1.20000000e-01,-1.85147665e-12,3.61140413e-01,6.29707769e-02,1.00279000e+02,1.13110000e+01,1.37848000e+05,-1.91127000e-01
1.30000000e-01,9.75000000e+03,1.30000000e-01,-1.85153955e-12,3.61140413e-01,6.29707769e-02,1.00279000e+02,1.13110000e+01,1.37848000e+05,-1.91127000e-01
1.40000000e-01,9.75000000e+03,1.40000000e-01,-1.85164146e-12,3.61140413e-01,6.29707769e-02,1.00279000e+02,1.13110000e+01,1.37848000e+05,-1.91127000e-01
1.50000000e-01,9.75000000e+03,1.50000000e-01,-1.85180656e-12,3.61140413e-01,6.29707769e-02,1.00279000e+02,1.13110000e+01,1.37848000e+05,-1.91127000e-01
1.60000000e-01,9.75000000e+03,1.60000000e-01,-1.85207403e-12,3.61140413e-01,6.29707769e-02,1.00279000e+02,1.13110000e+01,1.37848000e+05,-1.91127000e-01
1.70000000e-01,9.75000000e+03,1.70000000e-01,-1.85250734e-12,3.61140413e-01,6.29707769e-02,1.00279000e+02,1.13110000e+01,1.37848000e+05,-1.91127000e-01
1.80000000e-01,9.75000000e+03,1.80000000e-01,-1.85320932e-12,3.61140413e-01,6.29707769e-02,1.00279000e+02,1.13110000e+01,1.37848000e+05,-1.91127000e-01
1.90000000e-01,9.75000000e+03,1.90000000e-01,-1.85434656e-12,3.61140413e-01,6.29707769e-02,1.00279000e+02,1.13110000e+01,1.37848000e+05,-1.91127000e-01
2.00000000e-01,9.75000000e+03,2.00000000e-01,-1.85618894e-12,3.61140413e-01,6.29707769e-02,1.00279000e+02,1.13110000e+01,1.37848000e+05,-1.91127000e-01
2.10000000e-01,9.75000000e+03,2.10000000e-01,-1.85917365e-12,3.61140413e-01,6.29707769e-02,1.00279000e+02,1.13110000e+01,1.37848000e+05,-1.91127000e-01
2.20000000e-01,9.75000000e+03,2.20000000e-01,-1.86400895e-12,3.61140413e-01,6.29707769e-02,1.00279000e+02,1.13110000e+01,1.37848000e+05,-1.91127000e-01
2.30000000e-01,9.75000000e+03,2.30000000e-01,-1.87184221e-12,3.61140413e-01,6.29707769e-02,1.00279000e+02,1.13110000e+01,1.37848000e+05,-1.91127000e-01
2.40000000e-01,9.75000000e+03,2.40000000e-01,-1.88453210e-12,3.61140413e-01,6.29707769e-02,1.00279000e+02,1.13110000e+01,1.37848000e+05,-1.91127000e-01
2.50000000e-01,9.75000000e+03,2.50000000e-01,-1.90508953e-12,3.61140413e-01,6.29707769e-02,1.00279000e+02,1.13110000e+01,1.37848000e+05,-1.91127000e-01
2.60000000e-01,9.75000000e+03,2.60000000e-01,-1.93839187e-12,3.61140413e-01,6.29707769e-02,1.00279000e+02,1.13110000e+01,1.37848000e+05,-1.91127000e-01
2.70000000e-01,9.75000000e+03,2.70000000e-01,-1.99233964e-12,3.61140413e-01,6.29707769e-02,1.00279000e+02,1.13110000e+01,1.37848000e+05,-1.91127000e-01
2.80000000e-01,9.75000000e+03,2.80000000e-01,-2.07972998e-12,3.61140413e-01,6.29707769e-02,1.00279000e+02,1.13110000e+01,1.37848000e+05,-1.91127000e-01
2.90000000e-01,9.75000000e+03,2.90000000e-01,-2.22129047e-12,3.61140413e-01,6.29707769e-02,1.00279000e+02,1.13110000e+01,1.37848000e+05,-1.91127000e-01
3.00000000e-01,9.75000000e+03,3.00000000e-01,-2.45059172e-12,3.61140413e-01,6.29707769e-02,1.00279000e+02,1.13110000e+01,1.37848000e+05,-1.91127000e-01
3.10000000e-01,9.75000000e+03,3.10000000e-01,-2.82200079e-12,3.61140413e-01,6.29707769e-02,1.00279000e+02,1.13110000e+01,1.37848000e+05,-1.91127000e-01
3.20000000e-01,9.75000000e+03,3.20000000e-01,-3.42355592e-12,3.61140413e-01,6.29707769e-02,1.00279000e+02,1.13110000e+01,1.37848000e+05,-1.91127000e-01
3.30000000e-01,9.75000000e+03,3.30000000e-01,-4.39780244e-12,3.61140413e-01,6.29707769e-02,1.00279000e+02,1.13110000e+01,1.37848000e+05,-1.91127000e-01
3.40000000e-01,9.75000000e+03,3.40000000e-01,-5.97550378e-12,3.61140413e-01,6.29707769e-02,1.00279000e+02,1.13110000e+01,1.37848000e+05,-1.91127000e-01
3.50000000e-01,9.75000000e+03,3.50000000e-01,-8.53016342e-12,3.61140413e-01,6.29707769e-02,1.00279000e+02,1.13110000e+01,1.37848000e+05,-1.91127000e-01
3.60000000e-01,9.75000000e+03,3.60000000e-01,-1.26661650e-11,3.61140413e-01,6.29707769e-02,1.00279000e+02,1.13110000e+01,1.37848000e+05,-1.91127000e-01
3.70000000e-01,9.75000000e+03,3.70000000e-01,-1.93611772e-11,3.61140413e-01,6.29707769e-02,1.00279000e+02,1.13110000e+01,1.37848000e+05,-1.91127000e-01
3.80000000e-01,9.75000000e+03,3.80000000e-01,-3.01960612e-11,3.61140413e-01,6.29707769e-02,1.00279000e+02,1.13110000e+01,1.37848000e+05,-1.91127000e-01
3.90000000e-01,9.75000000e+03,3.90000000e-01,-4.77257043e-11,3.61140413e-01,6.29707769e-02,1.00279000e+02,1.13110000e+01,1.37848000e+05,-1.91127000e-01
4.00000000e-01,9.75000000e+03,4.00000000e-01,-7.60764521e-11,3.61140413e-01,6.29707769e-02,1.00279000e+02,1.13110000e+01,1.37848000e+05,-1.91127000e-01
4.10000000e-01,9.75000000e+03,4.10000000e-01,-1.21907161e-10,3.61140413e-01,6.29707769e-02,1.00279000e+02,1.13110000e+01,1.37848000e+05,-1.91127000e-01
4.20000000e-01,9.75000000e+03,4.20000000e-01,-1.95952260e-10,3.61140413e-01,6.29707769e-02,1.00279000e+02,1.13110000e+01,1.37848000e+05,-1.91127000e-01
4.30000000e-01,9.75000000e+03,4.30000000e-01,-3.15493362e-10,3.61140413e-01,6.29707769e-02,1.00279000e+02,1.13110000e+01,1.37848000e+05,-1.91127000e-01
4.40000000e-01,9.75000000e+03,4.40000000e-01,-5.08306297e-10,3.61140413e-01,6.29707769e-02,1.00279000e+02,1.13110000e+01,1.37848000e+05,-1.91127000e-01
4.50000000e-01,9.75000000e+03,4.50000000e-01,-8.18940561e-10,3.61140413e-01,6.29707769e-02,1.00279000e+02,1.13110000e+01,1.37848000e+05,-1.91127000e-01
4.60000000e-01,9.75000000e+03,4.60000000e-01,-1.31866249e-09,3.61140413e-01,6.29707769e-02,1.00279000e+02,1.13110000e+01,1.37848000e+05,-1.91127000e-01
4.70000000e-01,9.75000000e+03,4.70000000e-01,-2.12110781e-09,3.61140413e-01,6.29707769e-02,1.00279000e+02,1.13110000e+01,1.37848000e+05,-1.91127000e-01
4.80000000e-01,9.75000000e+03,4.80000000e-01,-3.40674483e-09,3.61140413e-01,6.29707769e-02,1.00279000e+02,1.13110000e+01,1.37848000e+05,-1.91127000e-01
4.90000000e-01,9.75000000e+03,4.90000000e-01,-5.46077253e-09,3.61140413e-01,6.29707769e-02,1.00279000e+02,1.13110000e+01,1.37848000e+05,-1.91127000e-01
5.00000000e-01,9.75000000e+03,5.00000000e-01,-8.73121467e-09,3.61140413e-01,6.29707769e-02,1.00279000e+02,1.13110000e+01,1.37848000e+05,-1.91127000e-01
5.10000000e-01,9.75000000e+03,5.10000000e-01,-1.39168700e-08,3.61140413e-01,6.29707769e-02,1.00279000e+02,1.13110000e+01,1.37848000e+05,-1.91127000e-01
5.20000000e-01,9.75000000e+03,5.20000000e-01,-2.20985794e-08,3.61140413e-01,6.29707769e-02,1.00279000e+02,1.13110000e+01,1.37848000e+05,-1.91127000e-01
5.30000000e-01,9.75000000e+03,5.30000000e-01,-3.49321097e-08,3.61140413e-01,6.29707769e-02,1.00279000e+02,1.13110000e+01,1.37848000e+05,-1.91127000e-01
5.40000000e-01,9.75000000e+03,5.40000000e-01,-5.49270517e-08,3.61140413e-01,6.29707769e-02,1.00279000e+02,1.13110000e+01,1.37848000e+05,-1.91127000e-01
5.50000000e-01,9.75000000e+03,5.50000000e-01,-8.58440238e-08,3.61140413e-01,6.29707769e-02,1.00279000e+02,1.13110000e+01,1.37848000e+05,-1.91127000e-01
5.60000000e-01,9.75000000e+03,5.60000000e-01,-1.33253225e-07,3.61140413e-01,6.29707769e-02,1.00279000e+02,1.13110000e+01,1.37848000e+05,-1.91127000e-01
5.70000000e-01,9.75000000e+03,5.70000000e-01,-2.05312153e-07,3.61140413e-01,6.29707769e-02,1.00279000e+02,1.13110000e+01,1.37848000e+05,-1.91127000e-01
5.80000000e-01,9.75000000e+03,5.80000000e-01,-3.13837462e-07,3.61140413e-01,6.29707769e-02,1.00279000e+02,1.13110000e+01,1.37848000e+05,-1.91127000e-01
5.90000000e-01,9.75000000e+03,5.90000000e-01,-4.75753554e-07,3.61140413e-01,6.29707769e-02,1.00279000e+02,1.13110000e+01,1.37848000e+05,-1.91127000e-01
6.00000000e-01,9.75000000e+03,6.00000000e-01,-7.14964965e-07,3.61140413e-01,6.29707769e-02,1.00279000e+02,1.13110000e+01,1.37848000e+05,-1.91127000e-01
6.10000000e-01,9.75000000e+03,6.10000000e-01,-1.06456249e-06,3.61140413e-01,6.29707769e-02,1.00279000e+02,1.13110000e+01,1.37848000e+05,-1.91127000e-01
6.20000000e-01,9.75000000e+03,6.20000000e-01,-1.56898230e-06,3.61140413e-01,6.29707769e-02,1.00279000e+02,1.13110000e+01,1.37848000e+05,-1.91127000e-01
6.30000000e-01,9.75000000e+03,6.30000000e-01,-2.28532968e-06,3.61140413e-01,6.29707769e-02,1.00279000e+02,1.13110000e+01,1.37848000e+05,-1.91127000e-01
6.40000000e-01,9.75000000e+03,6.40000000e-01,-3.28276725e-06,3.61140413e-01,6.29707769e-02,1.00279000e+02,1.13110000e+01,1.37848000e+05,-1.91127000e-01
6.50000000e-01,9.75000000e+03,6.50000000e-01,-4.63899771e-06,3.61140413e-01,6.29707769e-02,1.00279000e+02,1.13110000e+01,1.37848000e+05,-1.91127000e-01
6.60000000e-01,9.75000000e+03,6.60000000e-01,-6.43366623e-06,3.61140413e-01,6.29707769e-02,1.00279000e+02,1.13110000e+01,1.37848000e+05,-1.91127000e-01
6.70000000e-01,9.75000000e+03,6.70000000e-01,-8.73974991e-06,3.61140413e-01,6.29707769e-02,1.00279000e+02,1.13110000e+01,1.37848000e+05,-1.91127000e-01
6.80000000e-01,9.75000000e+03,6.80000000e-01,-1.16150311e-05,3.61140413e-01,6.29707769e-02,1.00279000e+02,1.13110000e+01,1.37848000e+05,-1.91127000e-01
6.90000000e-01,9.75000000e+03,6.90000000e-01,-1.50959117e-05,3.61140413e-01,6.29707769e-02,1.00279000e+02,1.13110000e+01,1.37848000e+05,-1.91127000e-01
7.00000000e-01,9.75000000e+03,7.00000000e-01,-1.91949948e-05,3.61140413e-01,6.29707769e-02,1.00279000e+02,1.13110000e+01,1.37848000e+05,-1.91127000e-01
7.10000000e-01,9.75000000e+03,7.10000000e-01,-2.39025363e-05,3.61140413e-01,6.29707769e-02,1.00279000e+02,1.13110000e+01,1.37848000e+05,-1.91127000e-01
7.20000000e-01,9.75000000e+03,7.20000000e-01,-2.91907503e-05,3.61140413e-01,6.29707769e-02,1.00279000e+02,1.13110000e+01,1.37848000e+05,-1.91127000e-01
7.30000000e-01,9.75000000e+03,7.30000000e-01,-3.50194631e-05,3.61140413e-01,6.29707769e-02,1.00279000e+02,1.13110000e+01,1.37848000e+05,-1.91127000e-01
7.40000000e-01,9.75000000e+03,7.40000000e-01,-4.13417448e-05,3.61140413e-01,6.29707769e-02,1.00279000e+02,1.13110000e+01,1.37848000e+05,-1.91127000e-01
7.50000000e-01,9.75000000e+03,7.50000000e-01,-4.81086202e-05,3.61140413e-01,6.29707769e-02,1.00279000e+02,1.13110000e+01,1.37848000e+05,-1.91127000e-01
7.60000000e-01,9.75000000e+03,7.60000000e-01,-5.52724833e-05,3.61140413e-01,6.29707769e-02,1.00279000e+02,1.13110000e+01,1.37848000e+05,-1.91127000e-01
7.70000000e-01,9.75000000e+03,7.70000000e-01,-6.27892294e-05,3.61140413e-01,6.29707769e-02,1.00279000e+02,1.13110000e+01,1.37848000e+05,-1.91127000e-01
7.80000000e-01,9.75000000e+03,7.80000000e-01,-7.06193309e-05,3.61140413e-01,6.29707769e-02,1.00279000e+02,1.13110000e+01,1.37848000e+05,-1.91127000e-01
7.90000000e-01,9.75000000e+03,7.90000000e-01,-7.87281511e-05,3.61140413e-01,6.29707769e-02,1.00279000e+02,1.13110000e+01,1.37848000e+05,-1.91127000e-01
8.00000000e-01,9.75000000e+03,8.00000000e-01,-8.70857736e-05,3.61140413e-01,6.29707769e-02,1.00279000e+02,1.13110000e+01,1.37848000e+05,-1.91127000e-01
8.10000000e-01,9.75000000e+03,8.10000000e-01,-9.56665629e-05,3.61140413e-01,6.29707769e-02,1.00279000e+02,1.13110000e+01,1.37848000e+05,-1.91127000e-01
8.20000000e-01,9.75000000e+03,8.20000000e-01,-1.04448611e-04,3.61140413e-01,6.29707769e-02,1.00279000e+02,1.13110000e+01,1.37848000e+05,-1.91127000e-01
8.30000000e-01,9.75000000e+03,8.30000000e-01,-1.13413169e-04,3.61140413e-01,6.29707769e-02,1.00279000e+02,1.13110000e+01,1.37848000e+05,-1.91127000e-01
8.40000000e-01,9.75000000e+03,8.40000000e-01,-1.22544113e-04,3.61140413e-01,6.29707769e-02,1.00279000e+02,1.13110000e+01,1.37848000e+05,-1.91127000e-01
8.50000000e-01,9.75000000e+03,8.50000000e-01,-1.31827476e-04,3.61140413e-01,6.29707769e-02,1.00279000e+02,1.13110000e+01,1.37848000e+05,-1.91127000e-01
8.60000000e-01,9.75000000e+03,8.60000000e-01,-1.41251056e-04,3.61140413e-01,6.29707769e-02,1.00279000e+02,1.13110000e+01,1.37848000e+05,-1.91127000e-01
8.70000000e-01,9.75000000e+03,8.70000000e-01,-1.50804090e-04,3.61140413e-01,6.29707769e-02,1.00279000e+02,1.13110000e+01,1.37848000e+05,-1.91127000e-01
8.80000000e-01,9.75000000e+03,8.80000000e-01,-1.60476993e-04,3.61140413e-01,6.29707769e-02,1.00279000e+02,1.13110000e+01,1.37848000e+05,-1.91127000e-01
8.90000000e-01,9.75000000e+03,8.90000000e-01,-1.70261150e-04,3.61140413e-01,6.29707769e-02,1.00279000e+02,1.13110000e+01,1.37848000e+05,-1.91127000e-01
9.00000000e-01,9.75000000e+03,9.00000000e-01,-1.80148753e-04,3.61140413e-01,6.29707769e-02,1.00279000e+02,1.13110000e+01,1.37848000e+05,-1.91127000e-01
9.10000000e-01,9.75000000e+03,9.10000000e-01,-1.90132674e-04,3.61140413e-01,6.29707769e-02,1.00279000e+02,1.13110000e+01,1.37848000e+05,-1.91127000e-01
9.20000000e-01,9.75000000e+03,9.20000000e-01,-2.00206361e-04,3.61140413e-01,6.29707769e-02,1.00279000e+02,1.13110000e+01,1.37848000e+05,-1.91127000e-01
9.30000000e-01,9.75000000e+03,9.30000000e-01,-2.10363768e-04,3.61140413e-01,6.29707769e-02,1.00279000e+02,1.13110000e+01,1.37848000e+05,-1.91127000e-01
9.40000000e-01,9.75000000e+03,9.40000000e-01,-2.20599284e-04,3.61140413e-01,6.29707769e-02,1.00279000e+02,1.13110000e+01,1.37848000e+05,-1.91127000e-01
9.50000000e-01,9.75000000e+03,9.50000000e-01,-2.30907689e-04,3.61140413e-01,6.29707769e-02,1.00279000e+02,1.13110000e+01,1.37848000e+05,-1.91127000e-01
9.60000000e-01,9.75000000e+03,9.60000000e-01,-2.41284113e-04,3.61140413e-01,6.29707769e-02,1.00279000e+02,1.13110000e+01,1.37848000e+05,-1.91127000e-01
9.70000000e-01,9.75000000e+03,9.70000000e-01,-2.51724002e-04,3.61140413e-01,6.29707769e-02,1.00279000e+02,1.13110000e+01,1.37848000e+05,-1.91127000e-01
9.80000000e-01,9.75000000e+03,9.80000000e-01,-2.62223093e-04,3.61140413e-01,6.29707769e-02,1.00279000e+02,1.13110000e+01,1.37848000e+05,-1.91127000e-01
9.90000000e-01,9.75000000e+03,9.90000000e-01,-2.72777393e-04,3.61140413e-01,6.29707769e-02,1.00279000e+02,1.13110000e+01,1.37848000e+05,-1.91127000e-01
1.00000000e+00,9.75000000e+03,1.00000000e+00,-2.83383157e-04,3.61140413e-01,6.29707769e-02,1.00279000e+02,1.13110000e+01,1.37848000e+05,-1.91127000e-01
1.01000000e+00,9.75000000e+03,1.01000000e+00,-2.94036868e-04,3.61140413e-01,6.29707769e-02,1.00279000e+02,1.13110000e+01,1.37848000e+05,-1.91127000e-01
1.02000000e+00,9.75000000e+03,1.02000000e+00,-3.04735226e-04,3.61140413e-01,6.29707769e-02,1.00279000e+02,1.13110000e+01,1.37848000e+05,-1.91127000e-01
1.03000000e+00,9.75000000e+03,1.03000000e+00,-3.15475132e-04,3.61140413e-01,6.29707769e-02,1.00279000e+02,1.13110000e+01,1.37848000e+05,-1.91127000e-01
1.04000000e+00,9.75000000e+03,1.04000000e+00,-3.26253672e-04,3.61140413e-01,6.29707769e-02,1.00279000e+02,1.13110000e+01,1.37848000e+05,-1.91127000e-01
1.05000000e+00,9.75000000e+03,1.05000000e+00,-3.37068109e-04,3.61140413e-01,6.29707769e-02,1.00279000e+02,1.13110000e+01,1.37848000e+05,-1.91127000e-01
1.06000000e+00,9.75000000e+03,1.06000000e+00,-3.47915870e-04,3.61140413e-01,6.29707769e-02,1.00279000e+02,1.13110000e+01,1.37848000e+05,-1.91127000e-01
1.07000000e+00,9.75000000e+03,1.07000000e+00,-3.58794537e-04,3.61140413e-01,6.29707769e-02,1.00279000e+02,1.13110000e+01,1.37848000e+05,-1.91127000e-01
1.08000000e+00,9.75000000e+03,1.08000000e+00,-3.69701834e-04,3.61140413e-01,6.29707769e-02,1.00279000e+02,1.13110000e+01,1.37848000e+05,-1.91127000e-01
1.09000000e+00,9.75000000e+03,1.09000000e+00,-3.80635621e-04,3.61140413e-01,6.29707769e-02,1.00279000e+02,1.13110000e+01,1.37848000e+05,-1.91127000e-01
1.10000000e+00,9.75000000e+03,1.10000000e+00,-3.91593886e-04,3.61140413e-01,6.29707769e-02,1.00279000e+02,1.13110000e+01,1.37848000e+05,-1.91127000e-01
1.11000000e+00,9.75000000e+03,1.11000000e+00,-4.02574734e-04,3.61140413e-01,6.29707769e-02,1.00279000e+02,1.13110000e+01,1.37848000e+05,-1.91127000e-01
1.12000000e+00,9.75000000e+03,1.12000000e+00,-4.13576382e-04,3.61140413e-01,6.29707769e-02,1.00279000e+02,1.13110000e+01,1.37848000e+05,-1.91127000e-01
1.13000000e+00,9.75000000e+03,1.13000000e+00,-4.24597151e-04,3.61140413e-01,6.29707769e-02,1.00279000e+02,1.13110000e+01,1.37848000e+05,-1.91127000e-01
1.14000000e+00,9.75000000e+03,1.14000000e+00,-4.35635458e-04,3.61140413e-01,6.29707769e-02,1.00279000e+02,1.13110000e+01,1.37848000e+05,-1.91127000e-01
1.15000000e+00,9.75000000e+03,1.15000000e+00,-4.46689814e-04,3.61140413e-01,6.29707769e-02,1.00279000e+02,1.13110000e+01,1.37848000e+05,-1.91127000e-01
1.16000000e+00,9.75000000e+03,1.16000000e+00,-4.57758813e-04,3.61140413e-01,6.29707769e-02,1.00279000e+02,1.13110000e+01,1.37848000e+05,-1.91127000e-01
1.17000000e+00,9.75000000e+03,1.17000000e+00,-4.68841132e-04,3.61140413e-01,6.29707769e-02,1.00279000e+02,1.13110000e+01,1.37848000e+05,-1.91127000e-01
1.18000000e+00,9.75000000e+03,1.18000000e+00,-4.79935521e-04,3.61140413e-01,6.29707769e-02,1.00279000e+02,1.13110000e+01,1.37848000e+05,-1.91127000e-01
1.19000000e+00,9.75000000e+03,1.19000000e+00,-4.91040801e-04,3.61140413e-01,6.29707769e-02,1.00279000e+02,1.13110000e+01,1.37848000e+05,-1.91127000e-01
1.20000000e+00,9.75000000e+03,1.20000000e+00,-5.02155860e-04,3.61140413e-01,6.29707769e-02,1.00279000e+02,1.13110000e+01,1.37848000e+05,-1.91127000e-01
1.21000000e+00,9.75000000e+03,1.21000000e+00,-5.13279648e-04,3.61140413e-01,6.29707769e-02,1.00279000e+02,1.13110000e+01,1.37848000e+05,-1.91127000e-01
1.22000000e+00,9.75000000e+03,1.22000000e+00,-5.24411171e-04,3.61140413e-01,6.29707769e-02,1.00279000e+02,1.13110000e+01,1.37848000e+05,-1.91127000e-01
1.23000000e+00,9.75000000e+03,1.23000000e+00,-5.35549492e-04,3.61140413e-01,6.29707769e-02,1.00279000e+02,1.13110000e+01,1.37848000e+05,-1.91127000e-01
1.24000000e+00,9.75000000e+03,1.24000000e+00,-5.46693725e-04,3.61140413e-01,6.29707769e-02,1.00279000e+02,1.13110000e+01,1.37848000e+05,-1.91127000e-01
1.25000000e+00,9.75000000e+03,1.25000000e+00,-5.57843031e-04,3.61140413e-01,6.29707769e-02,1.00279000e+02,1.13110000e+01,1.37848000e+05,-1.91127000e-01
1.26000000e+00,9.75000000e+03,1.26000000e+00,-5.68996619e-04,3.61140413e-01,6.29707769e-02,1.00279000e+02,1.13110000e+01,1.37848000e+05,-1.91127000e-01
1.27000000e+00,9.75000000e+03,1.27000000e+00,-5.80153737e-04,3.61140413e-01,6.29707769e-02,1.00279000e+02,1.13110000e+01,1.37848000e+05,-1.91127000e-01
1.28000000e+00,9.75000000e+03,1.28000000e+00,-5.91313677e-04,3.61140413e-01,6.29707769e-02,1.00279000e+02,1.13110000e+01,1.37848000e+05,-1.91127000e-01
1.29000000e+00,9.75000000e+03,1.29000000e+00,-6.02475764e-04,3.61140413e-01,6.29707769e-02,1.00279000e+02,1.13110000e+01,1.37848000e+05,-1.91127000e-01
1.30000000e+00,9.75000000e+03,1.30000000e+00,-6.13639363e-04,3.61140413e-01,6.29707769e-02,1.00279000e+02,1.13110000e+01,1.37848000e+05,-1.91127000e-01
1.31000000e+00,9.75000000e+03,1.31000000e+00,-6.24803871e-04,3.61140413e-01,6.29707769e-02,1.00279000e+02,1.13110000e+01,1.37848000e+05,-1.91127000e-01
1.32000000e+00,9.75000000e+03,1.32000000e+00,-6.35968715e-04,3.61140413e-01,6.29707769e-02,1.00279000e+02,1.13110000e+01,1.37848000e+05,-1.91127000e-01
1.33000000e+00,9.75000000e+03,1.33000000e+00,-6.47133354e-04,3.61140413e-01,6.29707769e-02,1.00279000e+02,1.13110000e+01,1.37848000e+05,-1.91127000e-01
1.34000000e+00,9.75000000e+03,1.34000000e+00,-6.58297274e-04,3.61140413e-01,6.29707769e-02,1.00279000e+02,1.13110000e+01,1.37848000e+05,-1.91127000e-01
1.35000000e+00,9.75000000e+03,1.35000000e+00,-6.69459987e-04,3.61140413e-01,6.29707769e-02,1.00279000e+02,1.13110000e+01,1.37848000e+05,-1.91127000e-01
1.36000000e+00,9.75000000e+03,1.36000000e+00,-6.80621031e-04,3.61140413e-01,6.29707769e-02,1.00279000e+02,1.13110000e+01,1.37848000e+05,-1.91127000e-01
1.37000000e+00,9.75000000e+03,1.37000000e+00,-6.91779968e-04,3.61140413e-01,6.29707769e-02,1.00279000e+02,1.13110000e+01,1.37848000e+05,-1.91127000e-01
1.38000000e+00,9.75000000e+03,1.38000000e+00,-7.02936381e-04,3.61140413e-01,6.29707769e-02,1.00279000e+02,1.13110000e+01,1.37848000e+05,-1.91127000e-01
1.39000000e+00,9.75000000e+03,1.39000000e+00,-7.14089875e-04,3.61140413e-01,6.29707769e-02,1.00279000e+02,1.13110000e+01,1.37848000e+05,-1.91127000e-01
1.40000000e+00,9.75000000e+03,1.40000000e+00,-7.25240074e-04,3.61140413e-01,6.29707769e-02,1.00279000e+02,1.13110000e+01,1.37848000e+05,-1.91127000e-01
1.41000000e+00,9.75000000e+03,1.41000000e+00,-7.36386622e-04,3.61140413e-01,6.29707769e-02,1.00279000e+02,1.13110000e+01,1.37848000e+05,-1.91127000e-01
1.42000000e+00,9.75000000e+03,1.42000000e+00,-7.47529181e-04,3.61140413e-01,6.29707769e-02,1.00279000e+02,1.13110000e+01,1.37848000e+05,-1.91127000e-01
1.43000000e+00,9.75000000e+03,1.43000000e+00,-7.58667428e-04,3.61140413e-01,6.29707769e-02,1.00279000e+02,1.13110000e+01,1.37848000e+05,-1.91127000e-01
1.44000000e+00,9.75000000e+03,1.44000000e+00,-7.69801059e-04,3.61140413e-01,6.29707769e-02,1.00279000e+02,1.13110000e+01,1.37848000e+05,-1.91127000e-01
1.45000000e+00,9.75000000e+03,1.45000000e+00,-7.80929784e-04,3.61140413e-01,6.29707769e-02,1.00279000e+02,1.13110000e+01,1.37848000e+05,-1.91127000e-01
1.46000000e+00,9.75000000e+03,1.46000000e+00,-7.92053325e-04,3.61140413e-01,6.29707769e-02,1.00279000e+02,1.13110000e+01,1.37848000e+05,-1.91127000e-01
1.47000000e+00,9.75000000e+03,1.47000000e+00,-8.03171421e-04,3.61140413e-01,6.29707769e-02,1.00279000e+02,1.13110000e+01,1.37848000e+05,-1.91127000e-01
1.48000000e+00,9.75000000e+03,1.48000000e+00,-8.14283823e-04,3.61140413e-01,6.29707769e-02,1.00279000e+02,1.13110000e+01,1.37848000e+05,-1.91127000e-01
1.49000000e+00,9.75000000e+03,1.49000000e+00,-8.25390293e-04,3.61140413e-01,6.29707769e-02,1.00279000e+02,1.13110000e+01,1.37848000e+05,-1.91127000e-01
1.50000000e+00,9.75000000e+03,1.50000000e+00,-8.36490606e-04,3.61140413e-01,6.29707769e-02,1.00279000e+02,1.13110000e+01,1.37848000e+05,-1.91127000e-01
1.51000000e+00,9.75000000e+03,1.51000000e+00,-8.47584548e-04,3.61140413e-01,6.29707769e-02,1.00279000e+02,1.13110000e+01,1.37848000e+05,-1.91127000e-01
1.52000000e+00,9.75000000e+03,1.52000000e+00,-8.58671914e-04,3.61140413e-01,6.29707769e-02,1.00279000e+02,1.13110000e+01,1.37848000e+05,-1.91127000e-01
1.53000000e+00,9.75000000e+03,1.53000000e+00,-8.69752511e-04,3.61140413e-01,6.29707769e-02,1.00279000e+02,1.13110000e+01,1.37848000e+05,-1.91127000e-01
1.54000000e+00,9.75000000e+03,1.54000000e+00,-8.80826155e-04,3.61140413e-01,6.29707769e-02,1.00279000e+02,1.13110000e+01,1.37848000e+05,-1.91127000e-01
1.55000000e+00,9.75000000e+03,1.55000000e+00,-8.91892668e-04,3.61140413e-01,6.29707769e-02,1.00279000e+02,1.13110000e+01,1.37848000e+05,-1.91127000e-01
1.56000000e+00,9.75000000e+03,1.56000000e+00,-9.02951886e-04,3.61140413e-01,6.29707769e-02,1.00279000e+02,1.13110000e+01,1.37848000e+05,-1.91127000e-01
1.57000000e+00,9.75000000e+03,1.57000000e+00,-9.14003648e-04,3.61140413e-01,6.29707769e-02,1.00279000e+02,1.13110000e+01,1.37848000e+05,-1.91127000e-01
1.58000000e+00,9.75000000e+03,1.58000000e+00,-9.25047803e-04,3.61140413e-01,6.29707769e-02,1.00279000e+02,1.13110000e+01,1.37848000e+05,-1.91127000e-01
1.59000000e+00,9.75000000e+03,1.59000000e+00,-9.36084208e-04,3.61140413e-01,6.29707769e-02,1.00279000e+02,1.13110000e+01,1.37848000e+05,-1.91127000e-01
1.60000000e+00,9.75000000e+03,1.60000000e+00,-9.47112725e-04,3.61140413e-01,6.29707769e-02,1.00279000e+02,1.13110000e+01,1.37848000e+05,-1.91127000e-01
1.61000000e+00,9.75000000e+03,1.61000000e+00,-9.58133224e-04,3.61140413e-01,6.29707769e-02,1.00279000e+02,1.13110000e+01,1.37848000e+05,-1.91127000e-01
1.62000000e+00,9.75000000e+03,1.62000000e+00,-9.69145581e-04,3.61140413e-01,6.29707769e-02,1.00279000e+02,1.13110000e+01,1.37848000e+05,-1.91127000e-01
1.63000000e+00,9.75000000e+03,1.63000000e+00,-9.80149678e-04,3.61140413e-01,6.29707769e-02,1.00279000e+02,1.13110000e+01,1.37848000e+05,-1.91127000e-01
1.64000000e+00,9.75000000e+03,1.64000000e+00,-9.91145401e-04,3.61140413e-01,6.29707769e-02,1.00279000e+02,1.13110000e+01,1.37848000e+05,-1.91127000e-01
1.65000000e+00,9.75000000e+03,1.65000000e+00,-1.00213264e-03,3.61140413e-01,6.29707769e-02,1.00279000e+02,1.13110000e+01,1.37848000e+05,-1.91127000e-01
1.66000000e+00,9.75000000e+03,1.66000000e+00,-1.01311130e-03,3.61140413e-01,6.29707769e-02,1.00279000e+02,1.13110000e+01,1.37848000e+05,-1.91127000e-01
1.67000000e+00,9.75000000e+03,1.67000000e+00,-1.02408128e-03,3.61140413e-01,6.29707769e-02,1.00279000e+02,1.13110000e+01,1.37848000e+05,-1.91127000e-01
1.68000000e+00,9.75000000e+03,1.68000000e+00,-1.03504249e-03,3.61140413e-01,6.29707769e-02,1.00279000e+02,1.13110000e+01,1.37848000e+05,-1.91127000e-01
1.69000000e+00,9.75000000e+03,1.69000000e+00,-1.04599484e-03,3.61140413e-01,6.29707769e-02,1.00279000e+02,1.13110000e+01,1.37848000e+05,-1.91127000e-01
1.70000000e+00,9.75000000e+03,1.70000000e+00,-1.05693824e-03,3.61140413e-01,6.29707769e-02,1.00279000e+02,1.13110000e+01,1.37848000e+05,-1.91127000e-01
1.71000000e+00,9.75000000e+03,1.71000000e+00,-1.06787262e-03,3.61140413e-01,6.29707769e-02,1.00279000e+02,1.13110000e+01,1.37848000e+05,-1.91127000e-01
1.72000000e+00,9.75000000e+03,1.72000000e+00,-1.07879789e-03,3.61140413e-01,6.29707769e-02,1.00279000e+02,1.13110000e+01,1.37848000e+05,-1.91127000e-01
1.73000000e+00,9.75000000e+03,1.73000000e+00,-1.08971399e-03,3.61140413e-01,6.29707769e-02,1.00279000e+02,1.13110000e+01,1.37848000e+05,-1.91127000e-01
1.74000000e+00,9.75000000e+03,1.74000000e+00,-1.10062084e-03,3.61140413e-01,6.29707769e-02,1.00279000e+02,1.13110000e+01,1.37848000e+05,-1.91127000e-01
1.75000000e+00,9.75000000e+03,1.75000000e+00,-1.11151838e-03,3.61140413e-01,6.29707769e-02,1.00279000e+02,1.13110000e+01,1.37848000e+05,-1.91127000e-01
1.76000000e+00,9.75000000e+03,1.76000000e+00,-1.12240655e-03,3.61140413e-01,6.29707769e-02,1.00279000e+02,1.13110000e+01,1.37848000e+05,-1.91127000e-01
1.77000000e+00,9.75000000e+03,1.77000000e+00,-1.13328528e-03,3.61140413e-01,6.29707769e-02,1.00279000e+02,1.13110000e+01,1.37848000e+05,-1.91127000e-01
1.78000000e+00,9.75000000e+03,1.78000000e+00,-1.14415452e-03,3.61140413e-01,6.29707769e-02,1.00279000e+02,1.13110000e+01,1.37848000e+05,-1.91127000e-01
1.79000000e+00,9.75000000e+03,1.79000000e+00,-1.15501421e-03,3.61140413e-01,6.29707769e-02,1.00279000e+02,1.13110000e+01,1.37848000e+05,-1.91127000e-01
1.80000000e+00,9.75000000e+03,1.80000000e+00,-1.16586429e-03,3.61140413e-01,6.29707769e-02,1.00279000e+02,1.13110000e+01,1.37848000e+05,-1.91127000e-01
