vSweep,run_num,vd,id,vth0,u0,rdsw,nfactor,vsat,eta0
0.00000000e+00,7.02500000e+03,1.85000000e+00,-4.56368173e-43,3.58696615e-01,5.70341219e-02,1.00575916e+02,5.34734746e+00,1.05298009e+05,-1.88387219e-01
1.00000000e-02,7.02500000e+03,1.85000000e+00,-3.95966072e-05,3.58696615e-01,5.70341219e-02,1.00575916e+02,5.34734746e+00,1.05298009e+05,-1.88387219e-01
2.00000000e-02,7.02500000e+03,1.85000000e+00,-7.83651123e-05,3.58696615e-01,5.70341219e-02,1.00575916e+02,5.34734746e+00,1.05298009e+05,-1.88387219e-01
3.00000000e-02,7.02500000e+03,1.85000000e+00,-1.16294880e-04,3.58696615e-01,5.70341219e-02,1.00575916e+02,5.34734746e+00,1.05298009e+05,-1.88387219e-01
4.00000000e-02,7.02500000e+03,1.85000000e+00,-1.53375385e-04,3.58696615e-01,5.70341219e-02,1.00575916e+02,5.34734746e+00,1.05298009e+05,-1.88387219e-01
5.00000000e-02,7.02500000e+03,1.85000000e+00,-1.89595830e-04,3.58696615e-01,5.70341219e-02,1.00575916e+02,5.34734746e+00,1.05298009e+05,-1.88387219e-01
6.00000000e-02,7.02500000e+03,1.85000000e+00,-2.24944832e-04,3.58696615e-01,5.70341219e-02,1.00575916e+02,5.34734746e+00,1.05298009e+05,-1.88387219e-01
7.00000000e-02,7.02500000e+03,1.85000000e+00,-2.59410180e-04,3.58696615e-01,5.70341219e-02,1.00575916e+02,5.34734746e+00,1.05298009e+05,-1.88387219e-01
8.00000000e-02,7.02500000e+03,1.85000000e+00,-2.92978641e-04,3.58696615e-01,5.70341219e-02,1.00575916e+02,5.34734746e+00,1.05298009e+05,-1.88387219e-01
9.00000000e-02,7.02500000e+03,1.85000000e+00,-3.25635840e-04,3.58696615e-01,5.70341219e-02,1.00575916e+02,5.34734746e+00,1.05298009e+05,-1.88387219e-01
1.00000000e-01,7.02500000e+03,1.85000000e+00,-3.57366211e-04,3.58696615e-01,5.70341219e-02,1.00575916e+02,5.34734746e+00,1.05298009e+05,-1.88387219e-01
1.10000000e-01,7.02500000e+03,1.85000000e+00,-3.88153033e-04,3.58696615e-01,5.70341219e-02,1.00575916e+02,5.34734746e+00,1.05298009e+05,-1.88387219e-01
1.20000000e-01,7.02500000e+03,1.85000000e+00,-4.17978569e-04,3.58696615e-01,5.70341219e-02,1.00575916e+02,5.34734746e+00,1.05298009e+05,-1.88387219e-01
1.30000000e-01,7.02500000e+03,1.85000000e+00,-4.46824325e-04,3.58696615e-01,5.70341219e-02,1.00575916e+02,5.34734746e+00,1.05298009e+05,-1.88387219e-01
1.40000000e-01,7.02500000e+03,1.85000000e+00,-4.74671434e-04,3.58696615e-01,5.70341219e-02,1.00575916e+02,5.34734746e+00,1.05298009e+05,-1.88387219e-01
1.50000000e-01,7.02500000e+03,1.85000000e+00,-5.01501196e-04,3.58696615e-01,5.70341219e-02,1.00575916e+02,5.34734746e+00,1.05298009e+05,-1.88387219e-01
1.60000000e-01,7.02500000e+03,1.85000000e+00,-5.27295752e-04,3.58696615e-01,5.70341219e-02,1.00575916e+02,5.34734746e+00,1.05298009e+05,-1.88387219e-01
1.70000000e-01,7.02500000e+03,1.85000000e+00,-5.52038905e-04,3.58696615e-01,5.70341219e-02,1.00575916e+02,5.34734746e+00,1.05298009e+05,-1.88387219e-01
1.80000000e-01,7.02500000e+03,1.85000000e+00,-5.75717046e-04,3.58696615e-01,5.70341219e-02,1.00575916e+02,5.34734746e+00,1.05298009e+05,-1.88387219e-01
1.90000000e-01,7.02500000e+03,1.85000000e+00,-5.98320143e-04,3.58696615e-01,5.70341219e-02,1.00575916e+02,5.34734746e+00,1.05298009e+05,-1.88387219e-01
2.00000000e-01,7.02500000e+03,1.85000000e+00,-6.19842725e-04,3.58696615e-01,5.70341219e-02,1.00575916e+02,5.34734746e+00,1.05298009e+05,-1.88387219e-01
2.10000000e-01,7.02500000e+03,1.85000000e+00,-6.40284792e-04,3.58696615e-01,5.70341219e-02,1.00575916e+02,5.34734746e+00,1.05298009e+05,-1.88387219e-01
2.20000000e-01,7.02500000e+03,1.85000000e+00,-6.59652550e-04,3.58696615e-01,5.70341219e-02,1.00575916e+02,5.34734746e+00,1.05298009e+05,-1.88387219e-01
2.30000000e-01,7.02500000e+03,1.85000000e+00,-6.77958901e-04,3.58696615e-01,5.70341219e-02,1.00575916e+02,5.34734746e+00,1.05298009e+05,-1.88387219e-01
2.40000000e-01,7.02500000e+03,1.85000000e+00,-6.95223623e-04,3.58696615e-01,5.70341219e-02,1.00575916e+02,5.34734746e+00,1.05298009e+05,-1.88387219e-01
2.50000000e-01,7.02500000e+03,1.85000000e+00,-7.11473220e-04,3.58696615e-01,5.70341219e-02,1.00575916e+02,5.34734746e+00,1.05298009e+05,-1.88387219e-01
2.60000000e-01,7.02500000e+03,1.85000000e+00,-7.26740436e-04,3.58696615e-01,5.70341219e-02,1.00575916e+02,5.34734746e+00,1.05298009e+05,-1.88387219e-01
2.70000000e-01,7.02500000e+03,1.85000000e+00,-7.41063487e-04,3.58696615e-01,5.70341219e-02,1.00575916e+02,5.34734746e+00,1.05298009e+05,-1.88387219e-01
2.80000000e-01,7.02500000e+03,1.85000000e+00,-7.54485079e-04,3.58696615e-01,5.70341219e-02,1.00575916e+02,5.34734746e+00,1.05298009e+05,-1.88387219e-01
2.90000000e-01,7.02500000e+03,1.85000000e+00,-7.67051296e-04,3.58696615e-01,5.70341219e-02,1.00575916e+02,5.34734746e+00,1.05298009e+05,-1.88387219e-01
3.00000000e-01,7.02500000e+03,1.85000000e+00,-7.78810457e-04,3.58696615e-01,5.70341219e-02,1.00575916e+02,5.34734746e+00,1.05298009e+05,-1.88387219e-01
3.10000000e-01,7.02500000e+03,1.85000000e+00,-7.89812003e-04,3.58696615e-01,5.70341219e-02,1.00575916e+02,5.34734746e+00,1.05298009e+05,-1.88387219e-01
3.20000000e-01,7.02500000e+03,1.85000000e+00,-8.00105504e-04,3.58696615e-01,5.70341219e-02,1.00575916e+02,5.34734746e+00,1.05298009e+05,-1.88387219e-01
3.30000000e-01,7.02500000e+03,1.85000000e+00,-8.09739794e-04,3.58696615e-01,5.70341219e-02,1.00575916e+02,5.34734746e+00,1.05298009e+05,-1.88387219e-01
3.40000000e-01,7.02500000e+03,1.85000000e+00,-8.18762281e-04,3.58696615e-01,5.70341219e-02,1.00575916e+02,5.34734746e+00,1.05298009e+05,-1.88387219e-01
3.50000000e-01,7.02500000e+03,1.85000000e+00,-8.27218414e-04,3.58696615e-01,5.70341219e-02,1.00575916e+02,5.34734746e+00,1.05298009e+05,-1.88387219e-01
3.60000000e-01,7.02500000e+03,1.85000000e+00,-8.35151315e-04,3.58696615e-01,5.70341219e-02,1.00575916e+02,5.34734746e+00,1.05298009e+05,-1.88387219e-01
3.70000000e-01,7.02500000e+03,1.85000000e+00,-8.42601537e-04,3.58696615e-01,5.70341219e-02,1.00575916e+02,5.34734746e+00,1.05298009e+05,-1.88387219e-01
3.80000000e-01,7.02500000e+03,1.85000000e+00,-8.49606948e-04,3.58696615e-01,5.70341219e-02,1.00575916e+02,5.34734746e+00,1.05298009e+05,-1.88387219e-01
3.90000000e-01,7.02500000e+03,1.85000000e+00,-8.56202696e-04,3.58696615e-01,5.70341219e-02,1.00575916e+02,5.34734746e+00,1.05298009e+05,-1.88387219e-01
4.00000000e-01,7.02500000e+03,1.85000000e+00,-8.62421251e-04,3.58696615e-01,5.70341219e-02,1.00575916e+02,5.34734746e+00,1.05298009e+05,-1.88387219e-01
4.10000000e-01,7.02500000e+03,1.85000000e+00,-8.68292496e-04,3.58696615e-01,5.70341219e-02,1.00575916e+02,5.34734746e+00,1.05298009e+05,-1.88387219e-01
4.20000000e-01,7.02500000e+03,1.85000000e+00,-8.73843848e-04,3.58696615e-01,5.70341219e-02,1.00575916e+02,5.34734746e+00,1.05298009e+05,-1.88387219e-01
4.30000000e-01,7.02500000e+03,1.85000000e+00,-8.79100411e-04,3.58696615e-01,5.70341219e-02,1.00575916e+02,5.34734746e+00,1.05298009e+05,-1.88387219e-01
4.40000000e-01,7.02500000e+03,1.85000000e+00,-8.84085126e-04,3.58696615e-01,5.70341219e-02,1.00575916e+02,5.34734746e+00,1.05298009e+05,-1.88387219e-01
4.50000000e-01,7.02500000e+03,1.85000000e+00,-8.88818939e-04,3.58696615e-01,5.70341219e-02,1.00575916e+02,5.34734746e+00,1.05298009e+05,-1.88387219e-01
4.60000000e-01,7.02500000e+03,1.85000000e+00,-8.93320960e-04,3.58696615e-01,5.70341219e-02,1.00575916e+02,5.34734746e+00,1.05298009e+05,-1.88387219e-01
4.70000000e-01,7.02500000e+03,1.85000000e+00,-8.97608614e-04,3.58696615e-01,5.70341219e-02,1.00575916e+02,5.34734746e+00,1.05298009e+05,-1.88387219e-01
4.80000000e-01,7.02500000e+03,1.85000000e+00,-9.01697796e-04,3.58696615e-01,5.70341219e-02,1.00575916e+02,5.34734746e+00,1.05298009e+05,-1.88387219e-01
4.90000000e-01,7.02500000e+03,1.85000000e+00,-9.05603002e-04,3.58696615e-01,5.70341219e-02,1.00575916e+02,5.34734746e+00,1.05298009e+05,-1.88387219e-01
5.00000000e-01,7.02500000e+03,1.85000000e+00,-9.09337463e-04,3.58696615e-01,5.70341219e-02,1.00575916e+02,5.34734746e+00,1.05298009e+05,-1.88387219e-01
5.10000000e-01,7.02500000e+03,1.85000000e+00,-9.12913258e-04,3.58696615e-01,5.70341219e-02,1.00575916e+02,5.34734746e+00,1.05298009e+05,-1.88387219e-01
5.20000000e-01,7.02500000e+03,1.85000000e+00,-9.16341426e-04,3.58696615e-01,5.70341219e-02,1.00575916e+02,5.34734746e+00,1.05298009e+05,-1.88387219e-01
5.30000000e-01,7.02500000e+03,1.85000000e+00,-9.19632062e-04,3.58696615e-01,5.70341219e-02,1.00575916e+02,5.34734746e+00,1.05298009e+05,-1.88387219e-01
5.40000000e-01,7.02500000e+03,1.85000000e+00,-9.22794409e-04,3.58696615e-01,5.70341219e-02,1.00575916e+02,5.34734746e+00,1.05298009e+05,-1.88387219e-01
5.50000000e-01,7.02500000e+03,1.85000000e+00,-9.25836935e-04,3.58696615e-01,5.70341219e-02,1.00575916e+02,5.34734746e+00,1.05298009e+05,-1.88387219e-01
5.60000000e-01,7.02500000e+03,1.85000000e+00,-9.28767410e-04,3.58696615e-01,5.70341219e-02,1.00575916e+02,5.34734746e+00,1.05298009e+05,-1.88387219e-01
5.70000000e-01,7.02500000e+03,1.85000000e+00,-9.31592970e-04,3.58696615e-01,5.70341219e-02,1.00575916e+02,5.34734746e+00,1.05298009e+05,-1.88387219e-01
5.80000000e-01,7.02500000e+03,1.85000000e+00,-9.34320174e-04,3.58696615e-01,5.70341219e-02,1.00575916e+02,5.34734746e+00,1.05298009e+05,-1.88387219e-01
5.90000000e-01,7.02500000e+03,1.85000000e+00,-9.36955063e-04,3.58696615e-01,5.70341219e-02,1.00575916e+02,5.34734746e+00,1.05298009e+05,-1.88387219e-01
6.00000000e-01,7.02500000e+03,1.85000000e+00,-9.39503201e-04,3.58696615e-01,5.70341219e-02,1.00575916e+02,5.34734746e+00,1.05298009e+05,-1.88387219e-01
6.10000000e-01,7.02500000e+03,1.85000000e+00,-9.41969727e-04,3.58696615e-01,5.70341219e-02,1.00575916e+02,5.34734746e+00,1.05298009e+05,-1.88387219e-01
6.20000000e-01,7.02500000e+03,1.85000000e+00,-9.44359384e-04,3.58696615e-01,5.70341219e-02,1.00575916e+02,5.34734746e+00,1.05298009e+05,-1.88387219e-01
6.30000000e-01,7.02500000e+03,1.85000000e+00,-9.46676561e-04,3.58696615e-01,5.70341219e-02,1.00575916e+02,5.34734746e+00,1.05298009e+05,-1.88387219e-01
6.40000000e-01,7.02500000e+03,1.85000000e+00,-9.48925323e-04,3.58696615e-01,5.70341219e-02,1.00575916e+02,5.34734746e+00,1.05298009e+05,-1.88387219e-01
6.50000000e-01,7.02500000e+03,1.85000000e+00,-9.51109438e-04,3.58696615e-01,5.70341219e-02,1.00575916e+02,5.34734746e+00,1.05298009e+05,-1.88387219e-01
6.60000000e-01,7.02500000e+03,1.85000000e+00,-9.53232405e-04,3.58696615e-01,5.70341219e-02,1.00575916e+02,5.34734746e+00,1.05298009e+05,-1.88387219e-01
6.70000000e-01,7.02500000e+03,1.85000000e+00,-9.55297473e-04,3.58696615e-01,5.70341219e-02,1.00575916e+02,5.34734746e+00,1.05298009e+05,-1.88387219e-01
6.80000000e-01,7.02500000e+03,1.85000000e+00,-9.57307667e-04,3.58696615e-01,5.70341219e-02,1.00575916e+02,5.34734746e+00,1.05298009e+05,-1.88387219e-01
6.90000000e-01,7.02500000e+03,1.85000000e+00,-9.59265803e-04,3.58696615e-01,5.70341219e-02,1.00575916e+02,5.34734746e+00,1.05298009e+05,-1.88387219e-01
7.00000000e-01,7.02500000e+03,1.85000000e+00,-9.61174508e-04,3.58696615e-01,5.70341219e-02,1.00575916e+02,5.34734746e+00,1.05298009e+05,-1.88387219e-01
7.10000000e-01,7.02500000e+03,1.85000000e+00,-9.63036233e-04,3.58696615e-01,5.70341219e-02,1.00575916e+02,5.34734746e+00,1.05298009e+05,-1.88387219e-01
7.20000000e-01,7.02500000e+03,1.85000000e+00,-9.64853269e-04,3.58696615e-01,5.70341219e-02,1.00575916e+02,5.34734746e+00,1.05298009e+05,-1.88387219e-01
7.30000000e-01,7.02500000e+03,1.85000000e+00,-9.66627759e-04,3.58696615e-01,5.70341219e-02,1.00575916e+02,5.34734746e+00,1.05298009e+05,-1.88387219e-01
7.40000000e-01,7.02500000e+03,1.85000000e+00,-9.68361708e-04,3.58696615e-01,5.70341219e-02,1.00575916e+02,5.34734746e+00,1.05298009e+05,-1.88387219e-01
7.50000000e-01,7.02500000e+03,1.85000000e+00,-9.70056997e-04,3.58696615e-01,5.70341219e-02,1.00575916e+02,5.34734746e+00,1.05298009e+05,-1.88387219e-01
7.60000000e-01,7.02500000e+03,1.85000000e+00,-9.71715390e-04,3.58696615e-01,5.70341219e-02,1.00575916e+02,5.34734746e+00,1.05298009e+05,-1.88387219e-01
7.70000000e-01,7.02500000e+03,1.85000000e+00,-9.73338544e-04,3.58696615e-01,5.70341219e-02,1.00575916e+02,5.34734746e+00,1.05298009e+05,-1.88387219e-01
7.80000000e-01,7.02500000e+03,1.85000000e+00,-9.74928016e-04,3.58696615e-01,5.70341219e-02,1.00575916e+02,5.34734746e+00,1.05298009e+05,-1.88387219e-01
7.90000000e-01,7.02500000e+03,1.85000000e+00,-9.76485270e-04,3.58696615e-01,5.70341219e-02,1.00575916e+02,5.34734746e+00,1.05298009e+05,-1.88387219e-01
8.00000000e-01,7.02500000e+03,1.85000000e+00,-9.78011685e-04,3.58696615e-01,5.70341219e-02,1.00575916e+02,5.34734746e+00,1.05298009e+05,-1.88387219e-01
8.10000000e-01,7.02500000e+03,1.85000000e+00,-9.79508563e-04,3.58696615e-01,5.70341219e-02,1.00575916e+02,5.34734746e+00,1.05298009e+05,-1.88387219e-01
8.20000000e-01,7.02500000e+03,1.85000000e+00,-9.80977129e-04,3.58696615e-01,5.70341219e-02,1.00575916e+02,5.34734746e+00,1.05298009e+05,-1.88387219e-01
8.30000000e-01,7.02500000e+03,1.85000000e+00,-9.82418540e-04,3.58696615e-01,5.70341219e-02,1.00575916e+02,5.34734746e+00,1.05298009e+05,-1.88387219e-01
8.40000000e-01,7.02500000e+03,1.85000000e+00,-9.83833891e-04,3.58696615e-01,5.70341219e-02,1.00575916e+02,5.34734746e+00,1.05298009e+05,-1.88387219e-01
8.50000000e-01,7.02500000e+03,1.85000000e+00,-9.85224215e-04,3.58696615e-01,5.70341219e-02,1.00575916e+02,5.34734746e+00,1.05298009e+05,-1.88387219e-01
8.60000000e-01,7.02500000e+03,1.85000000e+00,-9.86590492e-04,3.58696615e-01,5.70341219e-02,1.00575916e+02,5.34734746e+00,1.05298009e+05,-1.88387219e-01
8.70000000e-01,7.02500000e+03,1.85000000e+00,-9.87933647e-04,3.58696615e-01,5.70341219e-02,1.00575916e+02,5.34734746e+00,1.05298009e+05,-1.88387219e-01
8.80000000e-01,7.02500000e+03,1.85000000e+00,-9.89254559e-04,3.58696615e-01,5.70341219e-02,1.00575916e+02,5.34734746e+00,1.05298009e+05,-1.88387219e-01
8.90000000e-01,7.02500000e+03,1.85000000e+00,-9.90554061e-04,3.58696615e-01,5.70341219e-02,1.00575916e+02,5.34734746e+00,1.05298009e+05,-1.88387219e-01
9.00000000e-01,7.02500000e+03,1.85000000e+00,-9.91832945e-04,3.58696615e-01,5.70341219e-02,1.00575916e+02,5.34734746e+00,1.05298009e+05,-1.88387219e-01
9.10000000e-01,7.02500000e+03,1.85000000e+00,-9.93091959e-04,3.58696615e-01,5.70341219e-02,1.00575916e+02,5.34734746e+00,1.05298009e+05,-1.88387219e-01
9.20000000e-01,7.02500000e+03,1.85000000e+00,-9.94331819e-04,3.58696615e-01,5.70341219e-02,1.00575916e+02,5.34734746e+00,1.05298009e+05,-1.88387219e-01
9.30000000e-01,7.02500000e+03,1.85000000e+00,-9.95553202e-04,3.58696615e-01,5.70341219e-02,1.00575916e+02,5.34734746e+00,1.05298009e+05,-1.88387219e-01
9.40000000e-01,7.02500000e+03,1.85000000e+00,-9.96756755e-04,3.58696615e-01,5.70341219e-02,1.00575916e+02,5.34734746e+00,1.05298009e+05,-1.88387219e-01
9.50000000e-01,7.02500000e+03,1.85000000e+00,-9.97943092e-04,3.58696615e-01,5.70341219e-02,1.00575916e+02,5.34734746e+00,1.05298009e+05,-1.88387219e-01
9.60000000e-01,7.02500000e+03,1.85000000e+00,-9.99112800e-04,3.58696615e-01,5.70341219e-02,1.00575916e+02,5.34734746e+00,1.05298009e+05,-1.88387219e-01
9.70000000e-01,7.02500000e+03,1.85000000e+00,-1.00026644e-03,3.58696615e-01,5.70341219e-02,1.00575916e+02,5.34734746e+00,1.05298009e+05,-1.88387219e-01
9.80000000e-01,7.02500000e+03,1.85000000e+00,-1.00140453e-03,3.58696615e-01,5.70341219e-02,1.00575916e+02,5.34734746e+00,1.05298009e+05,-1.88387219e-01
9.90000000e-01,7.02500000e+03,1.85000000e+00,-1.00252760e-03,3.58696615e-01,5.70341219e-02,1.00575916e+02,5.34734746e+00,1.05298009e+05,-1.88387219e-01
1.00000000e+00,7.02500000e+03,1.85000000e+00,-1.00363613e-03,3.58696615e-01,5.70341219e-02,1.00575916e+02,5.34734746e+00,1.05298009e+05,-1.88387219e-01
1.01000000e+00,7.02500000e+03,1.85000000e+00,-1.00473057e-03,3.58696615e-01,5.70341219e-02,1.00575916e+02,5.34734746e+00,1.05298009e+05,-1.88387219e-01
1.02000000e+00,7.02500000e+03,1.85000000e+00,-1.00581138e-03,3.58696615e-01,5.70341219e-02,1.00575916e+02,5.34734746e+00,1.05298009e+05,-1.88387219e-01
1.03000000e+00,7.02500000e+03,1.85000000e+00,-1.00687898e-03,3.58696615e-01,5.70341219e-02,1.00575916e+02,5.34734746e+00,1.05298009e+05,-1.88387219e-01
1.04000000e+00,7.02500000e+03,1.85000000e+00,-1.00793377e-03,3.58696615e-01,5.70341219e-02,1.00575916e+02,5.34734746e+00,1.05298009e+05,-1.88387219e-01
1.05000000e+00,7.02500000e+03,1.85000000e+00,-1.00897614e-03,3.58696615e-01,5.70341219e-02,1.00575916e+02,5.34734746e+00,1.05298009e+05,-1.88387219e-01
1.06000000e+00,7.02500000e+03,1.85000000e+00,-1.01000648e-03,3.58696615e-01,5.70341219e-02,1.00575916e+02,5.34734746e+00,1.05298009e+05,-1.88387219e-01
1.07000000e+00,7.02500000e+03,1.85000000e+00,-1.01102512e-03,3.58696615e-01,5.70341219e-02,1.00575916e+02,5.34734746e+00,1.05298009e+05,-1.88387219e-01
1.08000000e+00,7.02500000e+03,1.85000000e+00,-1.01203243e-03,3.58696615e-01,5.70341219e-02,1.00575916e+02,5.34734746e+00,1.05298009e+05,-1.88387219e-01
1.09000000e+00,7.02500000e+03,1.85000000e+00,-1.01302872e-03,3.58696615e-01,5.70341219e-02,1.00575916e+02,5.34734746e+00,1.05298009e+05,-1.88387219e-01
1.10000000e+00,7.02500000e+03,1.85000000e+00,-1.01401431e-03,3.58696615e-01,5.70341219e-02,1.00575916e+02,5.34734746e+00,1.05298009e+05,-1.88387219e-01
1.11000000e+00,7.02500000e+03,1.85000000e+00,-1.01498950e-03,3.58696615e-01,5.70341219e-02,1.00575916e+02,5.34734746e+00,1.05298009e+05,-1.88387219e-01
1.12000000e+00,7.02500000e+03,1.85000000e+00,-1.01595459e-03,3.58696615e-01,5.70341219e-02,1.00575916e+02,5.34734746e+00,1.05298009e+05,-1.88387219e-01
1.13000000e+00,7.02500000e+03,1.85000000e+00,-1.01690986e-03,3.58696615e-01,5.70341219e-02,1.00575916e+02,5.34734746e+00,1.05298009e+05,-1.88387219e-01
1.14000000e+00,7.02500000e+03,1.85000000e+00,-1.01785557e-03,3.58696615e-01,5.70341219e-02,1.00575916e+02,5.34734746e+00,1.05298009e+05,-1.88387219e-01
1.15000000e+00,7.02500000e+03,1.85000000e+00,-1.01879198e-03,3.58696615e-01,5.70341219e-02,1.00575916e+02,5.34734746e+00,1.05298009e+05,-1.88387219e-01
1.16000000e+00,7.02500000e+03,1.85000000e+00,-1.01971935e-03,3.58696615e-01,5.70341219e-02,1.00575916e+02,5.34734746e+00,1.05298009e+05,-1.88387219e-01
1.17000000e+00,7.02500000e+03,1.85000000e+00,-1.02063791e-03,3.58696615e-01,5.70341219e-02,1.00575916e+02,5.34734746e+00,1.05298009e+05,-1.88387219e-01
1.18000000e+00,7.02500000e+03,1.85000000e+00,-1.02154789e-03,3.58696615e-01,5.70341219e-02,1.00575916e+02,5.34734746e+00,1.05298009e+05,-1.88387219e-01
1.19000000e+00,7.02500000e+03,1.85000000e+00,-1.02244952e-03,3.58696615e-01,5.70341219e-02,1.00575916e+02,5.34734746e+00,1.05298009e+05,-1.88387219e-01
1.20000000e+00,7.02500000e+03,1.85000000e+00,-1.02334301e-03,3.58696615e-01,5.70341219e-02,1.00575916e+02,5.34734746e+00,1.05298009e+05,-1.88387219e-01
1.21000000e+00,7.02500000e+03,1.85000000e+00,-1.02422856e-03,3.58696615e-01,5.70341219e-02,1.00575916e+02,5.34734746e+00,1.05298009e+05,-1.88387219e-01
1.22000000e+00,7.02500000e+03,1.85000000e+00,-1.02510639e-03,3.58696615e-01,5.70341219e-02,1.00575916e+02,5.34734746e+00,1.05298009e+05,-1.88387219e-01
1.23000000e+00,7.02500000e+03,1.85000000e+00,-1.02597667e-03,3.58696615e-01,5.70341219e-02,1.00575916e+02,5.34734746e+00,1.05298009e+05,-1.88387219e-01
1.24000000e+00,7.02500000e+03,1.85000000e+00,-1.02683960e-03,3.58696615e-01,5.70341219e-02,1.00575916e+02,5.34734746e+00,1.05298009e+05,-1.88387219e-01
1.25000000e+00,7.02500000e+03,1.85000000e+00,-1.02769535e-03,3.58696615e-01,5.70341219e-02,1.00575916e+02,5.34734746e+00,1.05298009e+05,-1.88387219e-01
1.26000000e+00,7.02500000e+03,1.85000000e+00,-1.02854410e-03,3.58696615e-01,5.70341219e-02,1.00575916e+02,5.34734746e+00,1.05298009e+05,-1.88387219e-01
1.27000000e+00,7.02500000e+03,1.85000000e+00,-1.02938602e-03,3.58696615e-01,5.70341219e-02,1.00575916e+02,5.34734746e+00,1.05298009e+05,-1.88387219e-01
1.28000000e+00,7.02500000e+03,1.85000000e+00,-1.03022126e-03,3.58696615e-01,5.70341219e-02,1.00575916e+02,5.34734746e+00,1.05298009e+05,-1.88387219e-01
1.29000000e+00,7.02500000e+03,1.85000000e+00,-1.03104999e-03,3.58696615e-01,5.70341219e-02,1.00575916e+02,5.34734746e+00,1.05298009e+05,-1.88387219e-01
1.30000000e+00,7.02500000e+03,1.85000000e+00,-1.03187236e-03,3.58696615e-01,5.70341219e-02,1.00575916e+02,5.34734746e+00,1.05298009e+05,-1.88387219e-01
1.31000000e+00,7.02500000e+03,1.85000000e+00,-1.03268851e-03,3.58696615e-01,5.70341219e-02,1.00575916e+02,5.34734746e+00,1.05298009e+05,-1.88387219e-01
1.32000000e+00,7.02500000e+03,1.85000000e+00,-1.03349858e-03,3.58696615e-01,5.70341219e-02,1.00575916e+02,5.34734746e+00,1.05298009e+05,-1.88387219e-01
1.33000000e+00,7.02500000e+03,1.85000000e+00,-1.03430271e-03,3.58696615e-01,5.70341219e-02,1.00575916e+02,5.34734746e+00,1.05298009e+05,-1.88387219e-01
1.34000000e+00,7.02500000e+03,1.85000000e+00,-1.03510104e-03,3.58696615e-01,5.70341219e-02,1.00575916e+02,5.34734746e+00,1.05298009e+05,-1.88387219e-01
1.35000000e+00,7.02500000e+03,1.85000000e+00,-1.03589369e-03,3.58696615e-01,5.70341219e-02,1.00575916e+02,5.34734746e+00,1.05298009e+05,-1.88387219e-01
1.36000000e+00,7.02500000e+03,1.85000000e+00,-1.03668079e-03,3.58696615e-01,5.70341219e-02,1.00575916e+02,5.34734746e+00,1.05298009e+05,-1.88387219e-01
1.37000000e+00,7.02500000e+03,1.85000000e+00,-1.03746247e-03,3.58696615e-01,5.70341219e-02,1.00575916e+02,5.34734746e+00,1.05298009e+05,-1.88387219e-01
1.38000000e+00,7.02500000e+03,1.85000000e+00,-1.03823882e-03,3.58696615e-01,5.70341219e-02,1.00575916e+02,5.34734746e+00,1.05298009e+05,-1.88387219e-01
1.39000000e+00,7.02500000e+03,1.85000000e+00,-1.03900999e-03,3.58696615e-01,5.70341219e-02,1.00575916e+02,5.34734746e+00,1.05298009e+05,-1.88387219e-01
1.40000000e+00,7.02500000e+03,1.85000000e+00,-1.03977606e-03,3.58696615e-01,5.70341219e-02,1.00575916e+02,5.34734746e+00,1.05298009e+05,-1.88387219e-01
1.41000000e+00,7.02500000e+03,1.85000000e+00,-1.04053715e-03,3.58696615e-01,5.70341219e-02,1.00575916e+02,5.34734746e+00,1.05298009e+05,-1.88387219e-01
1.42000000e+00,7.02500000e+03,1.85000000e+00,-1.04129337e-03,3.58696615e-01,5.70341219e-02,1.00575916e+02,5.34734746e+00,1.05298009e+05,-1.88387219e-01
1.43000000e+00,7.02500000e+03,1.85000000e+00,-1.04204481e-03,3.58696615e-01,5.70341219e-02,1.00575916e+02,5.34734746e+00,1.05298009e+05,-1.88387219e-01
1.44000000e+00,7.02500000e+03,1.85000000e+00,-1.04279158e-03,3.58696615e-01,5.70341219e-02,1.00575916e+02,5.34734746e+00,1.05298009e+05,-1.88387219e-01
1.45000000e+00,7.02500000e+03,1.85000000e+00,-1.04353377e-03,3.58696615e-01,5.70341219e-02,1.00575916e+02,5.34734746e+00,1.05298009e+05,-1.88387219e-01
1.46000000e+00,7.02500000e+03,1.85000000e+00,-1.04427148e-03,3.58696615e-01,5.70341219e-02,1.00575916e+02,5.34734746e+00,1.05298009e+05,-1.88387219e-01
1.47000000e+00,7.02500000e+03,1.85000000e+00,-1.04500479e-03,3.58696615e-01,5.70341219e-02,1.00575916e+02,5.34734746e+00,1.05298009e+05,-1.88387219e-01
1.48000000e+00,7.02500000e+03,1.85000000e+00,-1.04573380e-03,3.58696615e-01,5.70341219e-02,1.00575916e+02,5.34734746e+00,1.05298009e+05,-1.88387219e-01
1.49000000e+00,7.02500000e+03,1.85000000e+00,-1.04645859e-03,3.58696615e-01,5.70341219e-02,1.00575916e+02,5.34734746e+00,1.05298009e+05,-1.88387219e-01
1.50000000e+00,7.02500000e+03,1.85000000e+00,-1.04717925e-03,3.58696615e-01,5.70341219e-02,1.00575916e+02,5.34734746e+00,1.05298009e+05,-1.88387219e-01
1.51000000e+00,7.02500000e+03,1.85000000e+00,-1.04789586e-03,3.58696615e-01,5.70341219e-02,1.00575916e+02,5.34734746e+00,1.05298009e+05,-1.88387219e-01
1.52000000e+00,7.02500000e+03,1.85000000e+00,-1.04860851e-03,3.58696615e-01,5.70341219e-02,1.00575916e+02,5.34734746e+00,1.05298009e+05,-1.88387219e-01
1.53000000e+00,7.02500000e+03,1.85000000e+00,-1.04931727e-03,3.58696615e-01,5.70341219e-02,1.00575916e+02,5.34734746e+00,1.05298009e+05,-1.88387219e-01
1.54000000e+00,7.02500000e+03,1.85000000e+00,-1.05002222e-03,3.58696615e-01,5.70341219e-02,1.00575916e+02,5.34734746e+00,1.05298009e+05,-1.88387219e-01
1.55000000e+00,7.02500000e+03,1.85000000e+00,-1.05072344e-03,3.58696615e-01,5.70341219e-02,1.00575916e+02,5.34734746e+00,1.05298009e+05,-1.88387219e-01
1.56000000e+00,7.02500000e+03,1.85000000e+00,-1.05142100e-03,3.58696615e-01,5.70341219e-02,1.00575916e+02,5.34734746e+00,1.05298009e+05,-1.88387219e-01
1.57000000e+00,7.02500000e+03,1.85000000e+00,-1.05211498e-03,3.58696615e-01,5.70341219e-02,1.00575916e+02,5.34734746e+00,1.05298009e+05,-1.88387219e-01
1.58000000e+00,7.02500000e+03,1.85000000e+00,-1.05280546e-03,3.58696615e-01,5.70341219e-02,1.00575916e+02,5.34734746e+00,1.05298009e+05,-1.88387219e-01
1.59000000e+00,7.02500000e+03,1.85000000e+00,-1.05349250e-03,3.58696615e-01,5.70341219e-02,1.00575916e+02,5.34734746e+00,1.05298009e+05,-1.88387219e-01
1.60000000e+00,7.02500000e+03,1.85000000e+00,-1.05417619e-03,3.58696615e-01,5.70341219e-02,1.00575916e+02,5.34734746e+00,1.05298009e+05,-1.88387219e-01
1.61000000e+00,7.02500000e+03,1.85000000e+00,-1.05485659e-03,3.58696615e-01,5.70341219e-02,1.00575916e+02,5.34734746e+00,1.05298009e+05,-1.88387219e-01
1.62000000e+00,7.02500000e+03,1.85000000e+00,-1.05553377e-03,3.58696615e-01,5.70341219e-02,1.00575916e+02,5.34734746e+00,1.05298009e+05,-1.88387219e-01
1.63000000e+00,7.02500000e+03,1.85000000e+00,-1.05620781e-03,3.58696615e-01,5.70341219e-02,1.00575916e+02,5.34734746e+00,1.05298009e+05,-1.88387219e-01
1.64000000e+00,7.02500000e+03,1.85000000e+00,-1.05687879e-03,3.58696615e-01,5.70341219e-02,1.00575916e+02,5.34734746e+00,1.05298009e+05,-1.88387219e-01
1.65000000e+00,7.02500000e+03,1.85000000e+00,-1.05754676e-03,3.58696615e-01,5.70341219e-02,1.00575916e+02,5.34734746e+00,1.05298009e+05,-1.88387219e-01
1.66000000e+00,7.02500000e+03,1.85000000e+00,-1.05821182e-03,3.58696615e-01,5.70341219e-02,1.00575916e+02,5.34734746e+00,1.05298009e+05,-1.88387219e-01
1.67000000e+00,7.02500000e+03,1.85000000e+00,-1.05887402e-03,3.58696615e-01,5.70341219e-02,1.00575916e+02,5.34734746e+00,1.05298009e+05,-1.88387219e-01
1.68000000e+00,7.02500000e+03,1.85000000e+00,-1.05953346e-03,3.58696615e-01,5.70341219e-02,1.00575916e+02,5.34734746e+00,1.05298009e+05,-1.88387219e-01
1.69000000e+00,7.02500000e+03,1.85000000e+00,-1.06019020e-03,3.58696615e-01,5.70341219e-02,1.00575916e+02,5.34734746e+00,1.05298009e+05,-1.88387219e-01
1.70000000e+00,7.02500000e+03,1.85000000e+00,-1.06084432e-03,3.58696615e-01,5.70341219e-02,1.00575916e+02,5.34734746e+00,1.05298009e+05,-1.88387219e-01
1.71000000e+00,7.02500000e+03,1.85000000e+00,-1.06149591e-03,3.58696615e-01,5.70341219e-02,1.00575916e+02,5.34734746e+00,1.05298009e+05,-1.88387219e-01
1.72000000e+00,7.02500000e+03,1.85000000e+00,-1.06214505e-03,3.58696615e-01,5.70341219e-02,1.00575916e+02,5.34734746e+00,1.05298009e+05,-1.88387219e-01
1.73000000e+00,7.02500000e+03,1.85000000e+00,-1.06279182e-03,3.58696615e-01,5.70341219e-02,1.00575916e+02,5.34734746e+00,1.05298009e+05,-1.88387219e-01
1.74000000e+00,7.02500000e+03,1.85000000e+00,-1.06343631e-03,3.58696615e-01,5.70341219e-02,1.00575916e+02,5.34734746e+00,1.05298009e+05,-1.88387219e-01
1.75000000e+00,7.02500000e+03,1.85000000e+00,-1.06407861e-03,3.58696615e-01,5.70341219e-02,1.00575916e+02,5.34734746e+00,1.05298009e+05,-1.88387219e-01
1.76000000e+00,7.02500000e+03,1.85000000e+00,-1.06471883e-03,3.58696615e-01,5.70341219e-02,1.00575916e+02,5.34734746e+00,1.05298009e+05,-1.88387219e-01
1.77000000e+00,7.02500000e+03,1.85000000e+00,-1.06535705e-03,3.58696615e-01,5.70341219e-02,1.00575916e+02,5.34734746e+00,1.05298009e+05,-1.88387219e-01
1.78000000e+00,7.02500000e+03,1.85000000e+00,-1.06599338e-03,3.58696615e-01,5.70341219e-02,1.00575916e+02,5.34734746e+00,1.05298009e+05,-1.88387219e-01
1.79000000e+00,7.02500000e+03,1.85000000e+00,-1.06662793e-03,3.58696615e-01,5.70341219e-02,1.00575916e+02,5.34734746e+00,1.05298009e+05,-1.88387219e-01
1.80000000e+00,7.02500000e+03,1.85000000e+00,-1.06726081e-03,3.58696615e-01,5.70341219e-02,1.00575916e+02,5.34734746e+00,1.05298009e+05,-1.88387219e-01
1.81000000e+00,7.02500000e+03,1.85000000e+00,-1.06789215e-03,3.58696615e-01,5.70341219e-02,1.00575916e+02,5.34734746e+00,1.05298009e+05,-1.88387219e-01
1.82000000e+00,7.02500000e+03,1.85000000e+00,-1.06852206e-03,3.58696615e-01,5.70341219e-02,1.00575916e+02,5.34734746e+00,1.05298009e+05,-1.88387219e-01
1.83000000e+00,7.02500000e+03,1.85000000e+00,-1.06915069e-03,3.58696615e-01,5.70341219e-02,1.00575916e+02,5.34734746e+00,1.05298009e+05,-1.88387219e-01
1.84000000e+00,7.02500000e+03,1.85000000e+00,-1.06977816e-03,3.58696615e-01,5.70341219e-02,1.00575916e+02,5.34734746e+00,1.05298009e+05,-1.88387219e-01
1.85000000e+00,7.02500000e+03,1.85000000e+00,-1.07040463e-03,3.58696615e-01,5.70341219e-02,1.00575916e+02,5.34734746e+00,1.05298009e+05,-1.88387219e-01
