vSweep,vd,vg,id,vth0_nom,u0_nom,rdsw_nom,nfactor_nom,vsat_nom,eta0_nom,delta_nom
1.00000000e-02,1.00000000e-02,1.48000000e+00,4.65515665e-05,1.37577444e+00,1.81154541e+00,8.97266091e-01,1.56238382e+00,3.40502704e+01,1.50157323e+00,4.82722730e+00
2.00000000e-02,2.00000000e-02,1.48000000e+00,9.25534245e-05,1.37577444e+00,1.81154541e+00,8.97266091e-01,1.56238382e+00,3.40502704e+01,1.50157323e+00,4.82722730e+00
3.00000000e-02,3.00000000e-02,1.48000000e+00,1.38003593e-04,1.37577444e+00,1.81154541e+00,8.97266091e-01,1.56238382e+00,3.40502704e+01,1.50157323e+00,4.82722730e+00
4.00000000e-02,4.00000000e-02,1.48000000e+00,1.82900080e-04,1.37577444e+00,1.81154541e+00,8.97266091e-01,1.56238382e+00,3.40502704e+01,1.50157323e+00,4.82722730e+00
5.00000000e-02,5.00000000e-02,1.48000000e+00,2.27240883e-04,1.37577444e+00,1.81154541e+00,8.97266091e-01,1.56238382e+00,3.40502704e+01,1.50157323e+00,4.82722730e+00
6.00000000e-02,6.00000000e-02,1.48000000e+00,2.71023991e-04,1.37577444e+00,1.81154541e+00,8.97266091e-01,1.56238382e+00,3.40502704e+01,1.50157323e+00,4.82722730e+00
7.00000000e-02,7.00000000e-02,1.48000000e+00,3.14247385e-04,1.37577444e+00,1.81154541e+00,8.97266091e-01,1.56238382e+00,3.40502704e+01,1.50157323e+00,4.82722730e+00
8.00000000e-02,8.00000000e-02,1.48000000e+00,3.56909035e-04,1.37577444e+00,1.81154541e+00,8.97266091e-01,1.56238382e+00,3.40502704e+01,1.50157323e+00,4.82722730e+00
9.00000000e-02,9.00000000e-02,1.48000000e+00,3.99006906e-04,1.37577444e+00,1.81154541e+00,8.97266091e-01,1.56238382e+00,3.40502704e+01,1.50157323e+00,4.82722730e+00
1.00000000e-01,1.00000000e-01,1.48000000e+00,4.40538956e-04,1.37577444e+00,1.81154541e+00,8.97266091e-01,1.56238382e+00,3.40502704e+01,1.50157323e+00,4.82722730e+00
1.10000000e-01,1.10000000e-01,1.48000000e+00,4.81503139e-04,1.37577444e+00,1.81154541e+00,8.97266091e-01,1.56238382e+00,3.40502704e+01,1.50157323e+00,4.82722730e+00
1.20000000e-01,1.20000000e-01,1.48000000e+00,5.21897406e-04,1.37577444e+00,1.81154541e+00,8.97266091e-01,1.56238382e+00,3.40502704e+01,1.50157323e+00,4.82722730e+00
1.30000000e-01,1.30000000e-01,1.48000000e+00,5.61719707e-04,1.37577444e+00,1.81154541e+00,8.97266091e-01,1.56238382e+00,3.40502704e+01,1.50157323e+00,4.82722730e+00
1.40000000e-01,1.40000000e-01,1.48000000e+00,6.00967991e-04,1.37577444e+00,1.81154541e+00,8.97266091e-01,1.56238382e+00,3.40502704e+01,1.50157323e+00,4.82722730e+00
1.50000000e-01,1.50000000e-01,1.48000000e+00,6.39640214e-04,1.37577444e+00,1.81154541e+00,8.97266091e-01,1.56238382e+00,3.40502704e+01,1.50157323e+00,4.82722730e+00
1.60000000e-01,1.60000000e-01,1.48000000e+00,6.77734337e-04,1.37577444e+00,1.81154541e+00,8.97266091e-01,1.56238382e+00,3.40502704e+01,1.50157323e+00,4.82722730e+00
1.70000000e-01,1.70000000e-01,1.48000000e+00,7.15248332e-04,1.37577444e+00,1.81154541e+00,8.97266091e-01,1.56238382e+00,3.40502704e+01,1.50157323e+00,4.82722730e+00
1.80000000e-01,1.80000000e-01,1.48000000e+00,7.52180184e-04,1.37577444e+00,1.81154541e+00,8.97266091e-01,1.56238382e+00,3.40502704e+01,1.50157323e+00,4.82722730e+00
1.90000000e-01,1.90000000e-01,1.48000000e+00,7.88527899e-04,1.37577444e+00,1.81154541e+00,8.97266091e-01,1.56238382e+00,3.40502704e+01,1.50157323e+00,4.82722730e+00
2.00000000e-01,2.00000000e-01,1.48000000e+00,8.24289507e-04,1.37577444e+00,1.81154541e+00,8.97266091e-01,1.56238382e+00,3.40502704e+01,1.50157323e+00,4.82722730e+00
2.10000000e-01,2.10000000e-01,1.48000000e+00,8.59463069e-04,1.37577444e+00,1.81154541e+00,8.97266091e-01,1.56238382e+00,3.40502704e+01,1.50157323e+00,4.82722730e+00
2.20000000e-01,2.20000000e-01,1.48000000e+00,8.94046682e-04,1.37577444e+00,1.81154541e+00,8.97266091e-01,1.56238382e+00,3.40502704e+01,1.50157323e+00,4.82722730e+00
2.30000000e-01,2.30000000e-01,1.48000000e+00,9.28038493e-04,1.37577444e+00,1.81154541e+00,8.97266091e-01,1.56238382e+00,3.40502704e+01,1.50157323e+00,4.82722730e+00
2.40000000e-01,2.40000000e-01,1.48000000e+00,9.61436699e-04,1.37577444e+00,1.81154541e+00,8.97266091e-01,1.56238382e+00,3.40502704e+01,1.50157323e+00,4.82722730e+00
2.50000000e-01,2.50000000e-01,1.48000000e+00,9.94239566e-04,1.37577444e+00,1.81154541e+00,8.97266091e-01,1.56238382e+00,3.40502704e+01,1.50157323e+00,4.82722730e+00
2.60000000e-01,2.60000000e-01,1.48000000e+00,1.02644544e-03,1.37577444e+00,1.81154541e+00,8.97266091e-01,1.56238382e+00,3.40502704e+01,1.50157323e+00,4.82722730e+00
2.70000000e-01,2.70000000e-01,1.48000000e+00,1.05805274e-03,1.37577444e+00,1.81154541e+00,8.97266091e-01,1.56238382e+00,3.40502704e+01,1.50157323e+00,4.82722730e+00
2.80000000e-01,2.80000000e-01,1.48000000e+00,1.08906001e-03,1.37577444e+00,1.81154541e+00,8.97266091e-01,1.56238382e+00,3.40502704e+01,1.50157323e+00,4.82722730e+00
2.90000000e-01,2.90000000e-01,1.48000000e+00,1.11946591e-03,1.37577444e+00,1.81154541e+00,8.97266091e-01,1.56238382e+00,3.40502704e+01,1.50157323e+00,4.82722730e+00
3.00000000e-01,3.00000000e-01,1.48000000e+00,1.14926922e-03,1.37577444e+00,1.81154541e+00,8.97266091e-01,1.56238382e+00,3.40502704e+01,1.50157323e+00,4.82722730e+00
3.10000000e-01,3.10000000e-01,1.48000000e+00,1.17846890e-03,1.37577444e+00,1.81154541e+00,8.97266091e-01,1.56238382e+00,3.40502704e+01,1.50157323e+00,4.82722730e+00
3.20000000e-01,3.20000000e-01,1.48000000e+00,1.20706409e-03,1.37577444e+00,1.81154541e+00,8.97266091e-01,1.56238382e+00,3.40502704e+01,1.50157323e+00,4.82722730e+00
3.30000000e-01,3.30000000e-01,1.48000000e+00,1.23505410e-03,1.37577444e+00,1.81154541e+00,8.97266091e-01,1.56238382e+00,3.40502704e+01,1.50157323e+00,4.82722730e+00
3.40000000e-01,3.40000000e-01,1.48000000e+00,1.26243851e-03,1.37577444e+00,1.81154541e+00,8.97266091e-01,1.56238382e+00,3.40502704e+01,1.50157323e+00,4.82722730e+00
3.50000000e-01,3.50000000e-01,1.48000000e+00,1.28921713e-03,1.37577444e+00,1.81154541e+00,8.97266091e-01,1.56238382e+00,3.40502704e+01,1.50157323e+00,4.82722730e+00
3.60000000e-01,3.60000000e-01,1.48000000e+00,1.31539005e-03,1.37577444e+00,1.81154541e+00,8.97266091e-01,1.56238382e+00,3.40502704e+01,1.50157323e+00,4.82722730e+00
3.70000000e-01,3.70000000e-01,1.48000000e+00,1.34095770e-03,1.37577444e+00,1.81154541e+00,8.97266091e-01,1.56238382e+00,3.40502704e+01,1.50157323e+00,4.82722730e+00
3.80000000e-01,3.80000000e-01,1.48000000e+00,1.36592083e-03,1.37577444e+00,1.81154541e+00,8.97266091e-01,1.56238382e+00,3.40502704e+01,1.50157323e+00,4.82722730e+00
3.90000000e-01,3.90000000e-01,1.48000000e+00,1.39028059e-03,1.37577444e+00,1.81154541e+00,8.97266091e-01,1.56238382e+00,3.40502704e+01,1.50157323e+00,4.82722730e+00
4.00000000e-01,4.00000000e-01,1.48000000e+00,1.41403854e-03,1.37577444e+00,1.81154541e+00,8.97266091e-01,1.56238382e+00,3.40502704e+01,1.50157323e+00,4.82722730e+00
4.10000000e-01,4.10000000e-01,1.48000000e+00,1.43719667e-03,1.37577444e+00,1.81154541e+00,8.97266091e-01,1.56238382e+00,3.40502704e+01,1.50157323e+00,4.82722730e+00
4.20000000e-01,4.20000000e-01,1.48000000e+00,1.45975749e-03,1.37577444e+00,1.81154541e+00,8.97266091e-01,1.56238382e+00,3.40502704e+01,1.50157323e+00,4.82722730e+00
4.30000000e-01,4.30000000e-01,1.48000000e+00,1.48172401e-03,1.37577444e+00,1.81154541e+00,8.97266091e-01,1.56238382e+00,3.40502704e+01,1.50157323e+00,4.82722730e+00
4.40000000e-01,4.40000000e-01,1.48000000e+00,1.50309980e-03,1.37577444e+00,1.81154541e+00,8.97266091e-01,1.56238382e+00,3.40502704e+01,1.50157323e+00,4.82722730e+00
4.50000000e-01,4.50000000e-01,1.48000000e+00,1.52388900e-03,1.37577444e+00,1.81154541e+00,8.97266091e-01,1.56238382e+00,3.40502704e+01,1.50157323e+00,4.82722730e+00
4.60000000e-01,4.60000000e-01,1.48000000e+00,1.54409636e-03,1.37577444e+00,1.81154541e+00,8.97266091e-01,1.56238382e+00,3.40502704e+01,1.50157323e+00,4.82722730e+00
4.70000000e-01,4.70000000e-01,1.48000000e+00,1.56372729e-03,1.37577444e+00,1.81154541e+00,8.97266091e-01,1.56238382e+00,3.40502704e+01,1.50157323e+00,4.82722730e+00
4.80000000e-01,4.80000000e-01,1.48000000e+00,1.58278783e-03,1.37577444e+00,1.81154541e+00,8.97266091e-01,1.56238382e+00,3.40502704e+01,1.50157323e+00,4.82722730e+00
4.90000000e-01,4.90000000e-01,1.48000000e+00,1.60128470e-03,1.37577444e+00,1.81154541e+00,8.97266091e-01,1.56238382e+00,3.40502704e+01,1.50157323e+00,4.82722730e+00
5.00000000e-01,5.00000000e-01,1.48000000e+00,1.61922527e-03,1.37577444e+00,1.81154541e+00,8.97266091e-01,1.56238382e+00,3.40502704e+01,1.50157323e+00,4.82722730e+00
5.10000000e-01,5.10000000e-01,1.48000000e+00,1.63661763e-03,1.37577444e+00,1.81154541e+00,8.97266091e-01,1.56238382e+00,3.40502704e+01,1.50157323e+00,4.82722730e+00
5.20000000e-01,5.20000000e-01,1.48000000e+00,1.65347049e-03,1.37577444e+00,1.81154541e+00,8.97266091e-01,1.56238382e+00,3.40502704e+01,1.50157323e+00,4.82722730e+00
5.30000000e-01,5.30000000e-01,1.48000000e+00,1.66979325e-03,1.37577444e+00,1.81154541e+00,8.97266091e-01,1.56238382e+00,3.40502704e+01,1.50157323e+00,4.82722730e+00
5.40000000e-01,5.40000000e-01,1.48000000e+00,1.68559592e-03,1.37577444e+00,1.81154541e+00,8.97266091e-01,1.56238382e+00,3.40502704e+01,1.50157323e+00,4.82722730e+00
5.50000000e-01,5.50000000e-01,1.48000000e+00,1.70088913e-03,1.37577444e+00,1.81154541e+00,8.97266091e-01,1.56238382e+00,3.40502704e+01,1.50157323e+00,4.82722730e+00
5.60000000e-01,5.60000000e-01,1.48000000e+00,1.71568406e-03,1.37577444e+00,1.81154541e+00,8.97266091e-01,1.56238382e+00,3.40502704e+01,1.50157323e+00,4.82722730e+00
5.70000000e-01,5.70000000e-01,1.48000000e+00,1.72999241e-03,1.37577444e+00,1.81154541e+00,8.97266091e-01,1.56238382e+00,3.40502704e+01,1.50157323e+00,4.82722730e+00
5.80000000e-01,5.80000000e-01,1.48000000e+00,1.74382634e-03,1.37577444e+00,1.81154541e+00,8.97266091e-01,1.56238382e+00,3.40502704e+01,1.50157323e+00,4.82722730e+00
5.90000000e-01,5.90000000e-01,1.48000000e+00,1.75719844e-03,1.37577444e+00,1.81154541e+00,8.97266091e-01,1.56238382e+00,3.40502704e+01,1.50157323e+00,4.82722730e+00
6.00000000e-01,6.00000000e-01,1.48000000e+00,1.77012165e-03,1.37577444e+00,1.81154541e+00,8.97266091e-01,1.56238382e+00,3.40502704e+01,1.50157323e+00,4.82722730e+00
6.10000000e-01,6.10000000e-01,1.48000000e+00,1.78260918e-03,1.37577444e+00,1.81154541e+00,8.97266091e-01,1.56238382e+00,3.40502704e+01,1.50157323e+00,4.82722730e+00
6.20000000e-01,6.20000000e-01,1.48000000e+00,1.79467448e-03,1.37577444e+00,1.81154541e+00,8.97266091e-01,1.56238382e+00,3.40502704e+01,1.50157323e+00,4.82722730e+00
6.30000000e-01,6.30000000e-01,1.48000000e+00,1.80633115e-03,1.37577444e+00,1.81154541e+00,8.97266091e-01,1.56238382e+00,3.40502704e+01,1.50157323e+00,4.82722730e+00
6.40000000e-01,6.40000000e-01,1.48000000e+00,1.81759289e-03,1.37577444e+00,1.81154541e+00,8.97266091e-01,1.56238382e+00,3.40502704e+01,1.50157323e+00,4.82722730e+00
6.50000000e-01,6.50000000e-01,1.48000000e+00,1.82847340e-03,1.37577444e+00,1.81154541e+00,8.97266091e-01,1.56238382e+00,3.40502704e+01,1.50157323e+00,4.82722730e+00
6.60000000e-01,6.60000000e-01,1.48000000e+00,1.83898639e-03,1.37577444e+00,1.81154541e+00,8.97266091e-01,1.56238382e+00,3.40502704e+01,1.50157323e+00,4.82722730e+00
6.70000000e-01,6.70000000e-01,1.48000000e+00,1.84914545e-03,1.37577444e+00,1.81154541e+00,8.97266091e-01,1.56238382e+00,3.40502704e+01,1.50157323e+00,4.82722730e+00
6.80000000e-01,6.80000000e-01,1.48000000e+00,1.85896404e-03,1.37577444e+00,1.81154541e+00,8.97266091e-01,1.56238382e+00,3.40502704e+01,1.50157323e+00,4.82722730e+00
6.90000000e-01,6.90000000e-01,1.48000000e+00,1.86845543e-03,1.37577444e+00,1.81154541e+00,8.97266091e-01,1.56238382e+00,3.40502704e+01,1.50157323e+00,4.82722730e+00
7.00000000e-01,7.00000000e-01,1.48000000e+00,1.87763264e-03,1.37577444e+00,1.81154541e+00,8.97266091e-01,1.56238382e+00,3.40502704e+01,1.50157323e+00,4.82722730e+00
7.10000000e-01,7.10000000e-01,1.48000000e+00,1.88650843e-03,1.37577444e+00,1.81154541e+00,8.97266091e-01,1.56238382e+00,3.40502704e+01,1.50157323e+00,4.82722730e+00
7.20000000e-01,7.20000000e-01,1.48000000e+00,1.89509526e-03,1.37577444e+00,1.81154541e+00,8.97266091e-01,1.56238382e+00,3.40502704e+01,1.50157323e+00,4.82722730e+00
7.30000000e-01,7.30000000e-01,1.48000000e+00,1.90340524e-03,1.37577444e+00,1.81154541e+00,8.97266091e-01,1.56238382e+00,3.40502704e+01,1.50157323e+00,4.82722730e+00
7.40000000e-01,7.40000000e-01,1.48000000e+00,1.91145015e-03,1.37577444e+00,1.81154541e+00,8.97266091e-01,1.56238382e+00,3.40502704e+01,1.50157323e+00,4.82722730e+00
7.50000000e-01,7.50000000e-01,1.48000000e+00,1.91924136e-03,1.37577444e+00,1.81154541e+00,8.97266091e-01,1.56238382e+00,3.40502704e+01,1.50157323e+00,4.82722730e+00
7.60000000e-01,7.60000000e-01,1.48000000e+00,1.92678989e-03,1.37577444e+00,1.81154541e+00,8.97266091e-01,1.56238382e+00,3.40502704e+01,1.50157323e+00,4.82722730e+00
7.70000000e-01,7.70000000e-01,1.48000000e+00,1.93410634e-03,1.37577444e+00,1.81154541e+00,8.97266091e-01,1.56238382e+00,3.40502704e+01,1.50157323e+00,4.82722730e+00
7.80000000e-01,7.80000000e-01,1.48000000e+00,1.94120093e-03,1.37577444e+00,1.81154541e+00,8.97266091e-01,1.56238382e+00,3.40502704e+01,1.50157323e+00,4.82722730e+00
7.90000000e-01,7.90000000e-01,1.48000000e+00,1.94808347e-03,1.37577444e+00,1.81154541e+00,8.97266091e-01,1.56238382e+00,3.40502704e+01,1.50157323e+00,4.82722730e+00
8.00000000e-01,8.00000000e-01,1.48000000e+00,1.95476335e-03,1.37577444e+00,1.81154541e+00,8.97266091e-01,1.56238382e+00,3.40502704e+01,1.50157323e+00,4.82722730e+00
8.10000000e-01,8.10000000e-01,1.48000000e+00,1.96124959e-03,1.37577444e+00,1.81154541e+00,8.97266091e-01,1.56238382e+00,3.40502704e+01,1.50157323e+00,4.82722730e+00
8.20000000e-01,8.20000000e-01,1.48000000e+00,1.96755081e-03,1.37577444e+00,1.81154541e+00,8.97266091e-01,1.56238382e+00,3.40502704e+01,1.50157323e+00,4.82722730e+00
8.30000000e-01,8.30000000e-01,1.48000000e+00,1.97367525e-03,1.37577444e+00,1.81154541e+00,8.97266091e-01,1.56238382e+00,3.40502704e+01,1.50157323e+00,4.82722730e+00
8.40000000e-01,8.40000000e-01,1.48000000e+00,1.97963077e-03,1.37577444e+00,1.81154541e+00,8.97266091e-01,1.56238382e+00,3.40502704e+01,1.50157323e+00,4.82722730e+00
8.50000000e-01,8.50000000e-01,1.48000000e+00,1.98542486e-03,1.37577444e+00,1.81154541e+00,8.97266091e-01,1.56238382e+00,3.40502704e+01,1.50157323e+00,4.82722730e+00
8.60000000e-01,8.60000000e-01,1.48000000e+00,1.99106468e-03,1.37577444e+00,1.81154541e+00,8.97266091e-01,1.56238382e+00,3.40502704e+01,1.50157323e+00,4.82722730e+00
8.70000000e-01,8.70000000e-01,1.48000000e+00,1.99655703e-03,1.37577444e+00,1.81154541e+00,8.97266091e-01,1.56238382e+00,3.40502704e+01,1.50157323e+00,4.82722730e+00
8.80000000e-01,8.80000000e-01,1.48000000e+00,2.00190839e-03,1.37577444e+00,1.81154541e+00,8.97266091e-01,1.56238382e+00,3.40502704e+01,1.50157323e+00,4.82722730e+00
8.90000000e-01,8.90000000e-01,1.48000000e+00,2.00712493e-03,1.37577444e+00,1.81154541e+00,8.97266091e-01,1.56238382e+00,3.40502704e+01,1.50157323e+00,4.82722730e+00
9.00000000e-01,9.00000000e-01,1.48000000e+00,2.01221250e-03,1.37577444e+00,1.81154541e+00,8.97266091e-01,1.56238382e+00,3.40502704e+01,1.50157323e+00,4.82722730e+00
9.10000000e-01,9.10000000e-01,1.48000000e+00,2.01717669e-03,1.37577444e+00,1.81154541e+00,8.97266091e-01,1.56238382e+00,3.40502704e+01,1.50157323e+00,4.82722730e+00
9.20000000e-01,9.20000000e-01,1.48000000e+00,2.02202280e-03,1.37577444e+00,1.81154541e+00,8.97266091e-01,1.56238382e+00,3.40502704e+01,1.50157323e+00,4.82722730e+00
9.30000000e-01,9.30000000e-01,1.48000000e+00,2.02675585e-03,1.37577444e+00,1.81154541e+00,8.97266091e-01,1.56238382e+00,3.40502704e+01,1.50157323e+00,4.82722730e+00
9.40000000e-01,9.40000000e-01,1.48000000e+00,2.03138065e-03,1.37577444e+00,1.81154541e+00,8.97266091e-01,1.56238382e+00,3.40502704e+01,1.50157323e+00,4.82722730e+00
9.50000000e-01,9.50000000e-01,1.48000000e+00,2.03590172e-03,1.37577444e+00,1.81154541e+00,8.97266091e-01,1.56238382e+00,3.40502704e+01,1.50157323e+00,4.82722730e+00
9.60000000e-01,9.60000000e-01,1.48000000e+00,2.04032341e-03,1.37577444e+00,1.81154541e+00,8.97266091e-01,1.56238382e+00,3.40502704e+01,1.50157323e+00,4.82722730e+00
9.70000000e-01,9.70000000e-01,1.48000000e+00,2.04464981e-03,1.37577444e+00,1.81154541e+00,8.97266091e-01,1.56238382e+00,3.40502704e+01,1.50157323e+00,4.82722730e+00
9.80000000e-01,9.80000000e-01,1.48000000e+00,2.04888483e-03,1.37577444e+00,1.81154541e+00,8.97266091e-01,1.56238382e+00,3.40502704e+01,1.50157323e+00,4.82722730e+00
9.90000000e-01,9.90000000e-01,1.48000000e+00,2.05303217e-03,1.37577444e+00,1.81154541e+00,8.97266091e-01,1.56238382e+00,3.40502704e+01,1.50157323e+00,4.82722730e+00
1.00000000e+00,1.00000000e+00,1.48000000e+00,2.05709537e-03,1.37577444e+00,1.81154541e+00,8.97266091e-01,1.56238382e+00,3.40502704e+01,1.50157323e+00,4.82722730e+00
1.01000000e+00,1.01000000e+00,1.48000000e+00,2.06107778e-03,1.37577444e+00,1.81154541e+00,8.97266091e-01,1.56238382e+00,3.40502704e+01,1.50157323e+00,4.82722730e+00
1.02000000e+00,1.02000000e+00,1.48000000e+00,2.06498258e-03,1.37577444e+00,1.81154541e+00,8.97266091e-01,1.56238382e+00,3.40502704e+01,1.50157323e+00,4.82722730e+00
1.03000000e+00,1.03000000e+00,1.48000000e+00,2.06881281e-03,1.37577444e+00,1.81154541e+00,8.97266091e-01,1.56238382e+00,3.40502704e+01,1.50157323e+00,4.82722730e+00
1.04000000e+00,1.04000000e+00,1.48000000e+00,2.07257135e-03,1.37577444e+00,1.81154541e+00,8.97266091e-01,1.56238382e+00,3.40502704e+01,1.50157323e+00,4.82722730e+00
1.05000000e+00,1.05000000e+00,1.48000000e+00,2.07626094e-03,1.37577444e+00,1.81154541e+00,8.97266091e-01,1.56238382e+00,3.40502704e+01,1.50157323e+00,4.82722730e+00
1.06000000e+00,1.06000000e+00,1.48000000e+00,2.07988421e-03,1.37577444e+00,1.81154541e+00,8.97266091e-01,1.56238382e+00,3.40502704e+01,1.50157323e+00,4.82722730e+00
1.07000000e+00,1.07000000e+00,1.48000000e+00,2.08344364e-03,1.37577444e+00,1.81154541e+00,8.97266091e-01,1.56238382e+00,3.40502704e+01,1.50157323e+00,4.82722730e+00
1.08000000e+00,1.08000000e+00,1.48000000e+00,2.08694159e-03,1.37577444e+00,1.81154541e+00,8.97266091e-01,1.56238382e+00,3.40502704e+01,1.50157323e+00,4.82722730e+00
1.09000000e+00,1.09000000e+00,1.48000000e+00,2.09038034e-03,1.37577444e+00,1.81154541e+00,8.97266091e-01,1.56238382e+00,3.40502704e+01,1.50157323e+00,4.82722730e+00
1.10000000e+00,1.10000000e+00,1.48000000e+00,2.09376202e-03,1.37577444e+00,1.81154541e+00,8.97266091e-01,1.56238382e+00,3.40502704e+01,1.50157323e+00,4.82722730e+00
1.11000000e+00,1.11000000e+00,1.48000000e+00,2.09708870e-03,1.37577444e+00,1.81154541e+00,8.97266091e-01,1.56238382e+00,3.40502704e+01,1.50157323e+00,4.82722730e+00
1.12000000e+00,1.12000000e+00,1.48000000e+00,2.10036233e-03,1.37577444e+00,1.81154541e+00,8.97266091e-01,1.56238382e+00,3.40502704e+01,1.50157323e+00,4.82722730e+00
1.13000000e+00,1.13000000e+00,1.48000000e+00,2.10358478e-03,1.37577444e+00,1.81154541e+00,8.97266091e-01,1.56238382e+00,3.40502704e+01,1.50157323e+00,4.82722730e+00
1.14000000e+00,1.14000000e+00,1.48000000e+00,2.10675783e-03,1.37577444e+00,1.81154541e+00,8.97266091e-01,1.56238382e+00,3.40502704e+01,1.50157323e+00,4.82722730e+00
1.15000000e+00,1.15000000e+00,1.48000000e+00,2.10988318e-03,1.37577444e+00,1.81154541e+00,8.97266091e-01,1.56238382e+00,3.40502704e+01,1.50157323e+00,4.82722730e+00
1.16000000e+00,1.16000000e+00,1.48000000e+00,2.11296246e-03,1.37577444e+00,1.81154541e+00,8.97266091e-01,1.56238382e+00,3.40502704e+01,1.50157323e+00,4.82722730e+00
1.17000000e+00,1.17000000e+00,1.48000000e+00,2.11599723e-03,1.37577444e+00,1.81154541e+00,8.97266091e-01,1.56238382e+00,3.40502704e+01,1.50157323e+00,4.82722730e+00
1.18000000e+00,1.18000000e+00,1.48000000e+00,2.11898896e-03,1.37577444e+00,1.81154541e+00,8.97266091e-01,1.56238382e+00,3.40502704e+01,1.50157323e+00,4.82722730e+00
1.19000000e+00,1.19000000e+00,1.48000000e+00,2.12193908e-03,1.37577444e+00,1.81154541e+00,8.97266091e-01,1.56238382e+00,3.40502704e+01,1.50157323e+00,4.82722730e+00
1.20000000e+00,1.20000000e+00,1.48000000e+00,2.12484895e-03,1.37577444e+00,1.81154541e+00,8.97266091e-01,1.56238382e+00,3.40502704e+01,1.50157323e+00,4.82722730e+00
1.21000000e+00,1.21000000e+00,1.48000000e+00,2.12771987e-03,1.37577444e+00,1.81154541e+00,8.97266091e-01,1.56238382e+00,3.40502704e+01,1.50157323e+00,4.82722730e+00
1.22000000e+00,1.22000000e+00,1.48000000e+00,2.13055308e-03,1.37577444e+00,1.81154541e+00,8.97266091e-01,1.56238382e+00,3.40502704e+01,1.50157323e+00,4.82722730e+00
1.23000000e+00,1.23000000e+00,1.48000000e+00,2.13334977e-03,1.37577444e+00,1.81154541e+00,8.97266091e-01,1.56238382e+00,3.40502704e+01,1.50157323e+00,4.82722730e+00
1.24000000e+00,1.24000000e+00,1.48000000e+00,2.13611109e-03,1.37577444e+00,1.81154541e+00,8.97266091e-01,1.56238382e+00,3.40502704e+01,1.50157323e+00,4.82722730e+00
1.25000000e+00,1.25000000e+00,1.48000000e+00,2.13883813e-03,1.37577444e+00,1.81154541e+00,8.97266091e-01,1.56238382e+00,3.40502704e+01,1.50157323e+00,4.82722730e+00
1.26000000e+00,1.26000000e+00,1.48000000e+00,2.14153194e-03,1.37577444e+00,1.81154541e+00,8.97266091e-01,1.56238382e+00,3.40502704e+01,1.50157323e+00,4.82722730e+00
1.27000000e+00,1.27000000e+00,1.48000000e+00,2.14419354e-03,1.37577444e+00,1.81154541e+00,8.97266091e-01,1.56238382e+00,3.40502704e+01,1.50157323e+00,4.82722730e+00
1.28000000e+00,1.28000000e+00,1.48000000e+00,2.14682387e-03,1.37577444e+00,1.81154541e+00,8.97266091e-01,1.56238382e+00,3.40502704e+01,1.50157323e+00,4.82722730e+00
1.29000000e+00,1.29000000e+00,1.48000000e+00,2.14942388e-03,1.37577444e+00,1.81154541e+00,8.97266091e-01,1.56238382e+00,3.40502704e+01,1.50157323e+00,4.82722730e+00
1.30000000e+00,1.30000000e+00,1.48000000e+00,2.15199445e-03,1.37577444e+00,1.81154541e+00,8.97266091e-01,1.56238382e+00,3.40502704e+01,1.50157323e+00,4.82722730e+00
1.31000000e+00,1.31000000e+00,1.48000000e+00,2.15453644e-03,1.37577444e+00,1.81154541e+00,8.97266091e-01,1.56238382e+00,3.40502704e+01,1.50157323e+00,4.82722730e+00
1.32000000e+00,1.32000000e+00,1.48000000e+00,2.15705067e-03,1.37577444e+00,1.81154541e+00,8.97266091e-01,1.56238382e+00,3.40502704e+01,1.50157323e+00,4.82722730e+00
1.33000000e+00,1.33000000e+00,1.48000000e+00,2.15953793e-03,1.37577444e+00,1.81154541e+00,8.97266091e-01,1.56238382e+00,3.40502704e+01,1.50157323e+00,4.82722730e+00
1.34000000e+00,1.34000000e+00,1.48000000e+00,2.16199898e-03,1.37577444e+00,1.81154541e+00,8.97266091e-01,1.56238382e+00,3.40502704e+01,1.50157323e+00,4.82722730e+00
1.35000000e+00,1.35000000e+00,1.48000000e+00,2.16443455e-03,1.37577444e+00,1.81154541e+00,8.97266091e-01,1.56238382e+00,3.40502704e+01,1.50157323e+00,4.82722730e+00
1.36000000e+00,1.36000000e+00,1.48000000e+00,2.16684534e-03,1.37577444e+00,1.81154541e+00,8.97266091e-01,1.56238382e+00,3.40502704e+01,1.50157323e+00,4.82722730e+00
1.37000000e+00,1.37000000e+00,1.48000000e+00,2.16923204e-03,1.37577444e+00,1.81154541e+00,8.97266091e-01,1.56238382e+00,3.40502704e+01,1.50157323e+00,4.82722730e+00
1.38000000e+00,1.38000000e+00,1.48000000e+00,2.17159529e-03,1.37577444e+00,1.81154541e+00,8.97266091e-01,1.56238382e+00,3.40502704e+01,1.50157323e+00,4.82722730e+00
1.39000000e+00,1.39000000e+00,1.48000000e+00,2.17393572e-03,1.37577444e+00,1.81154541e+00,8.97266091e-01,1.56238382e+00,3.40502704e+01,1.50157323e+00,4.82722730e+00
1.40000000e+00,1.40000000e+00,1.48000000e+00,2.17625394e-03,1.37577444e+00,1.81154541e+00,8.97266091e-01,1.56238382e+00,3.40502704e+01,1.50157323e+00,4.82722730e+00
1.41000000e+00,1.41000000e+00,1.48000000e+00,2.17855053e-03,1.37577444e+00,1.81154541e+00,8.97266091e-01,1.56238382e+00,3.40502704e+01,1.50157323e+00,4.82722730e+00
1.42000000e+00,1.42000000e+00,1.48000000e+00,2.18082606e-03,1.37577444e+00,1.81154541e+00,8.97266091e-01,1.56238382e+00,3.40502704e+01,1.50157323e+00,4.82722730e+00
1.43000000e+00,1.43000000e+00,1.48000000e+00,2.18308105e-03,1.37577444e+00,1.81154541e+00,8.97266091e-01,1.56238382e+00,3.40502704e+01,1.50157323e+00,4.82722730e+00
1.44000000e+00,1.44000000e+00,1.48000000e+00,2.18531605e-03,1.37577444e+00,1.81154541e+00,8.97266091e-01,1.56238382e+00,3.40502704e+01,1.50157323e+00,4.82722730e+00
1.45000000e+00,1.45000000e+00,1.48000000e+00,2.18753156e-03,1.37577444e+00,1.81154541e+00,8.97266091e-01,1.56238382e+00,3.40502704e+01,1.50157323e+00,4.82722730e+00
1.46000000e+00,1.46000000e+00,1.48000000e+00,2.18972805e-03,1.37577444e+00,1.81154541e+00,8.97266091e-01,1.56238382e+00,3.40502704e+01,1.50157323e+00,4.82722730e+00
1.47000000e+00,1.47000000e+00,1.48000000e+00,2.19190601e-03,1.37577444e+00,1.81154541e+00,8.97266091e-01,1.56238382e+00,3.40502704e+01,1.50157323e+00,4.82722730e+00
1.48000000e+00,1.48000000e+00,1.48000000e+00,2.19406589e-03,1.37577444e+00,1.81154541e+00,8.97266091e-01,1.56238382e+00,3.40502704e+01,1.50157323e+00,4.82722730e+00
1.49000000e+00,1.49000000e+00,1.48000000e+00,2.19620812e-03,1.37577444e+00,1.81154541e+00,8.97266091e-01,1.56238382e+00,3.40502704e+01,1.50157323e+00,4.82722730e+00
1.50000000e+00,1.50000000e+00,1.48000000e+00,2.19833314e-03,1.37577444e+00,1.81154541e+00,8.97266091e-01,1.56238382e+00,3.40502704e+01,1.50157323e+00,4.82722730e+00
1.51000000e+00,1.51000000e+00,1.48000000e+00,2.20044136e-03,1.37577444e+00,1.81154541e+00,8.97266091e-01,1.56238382e+00,3.40502704e+01,1.50157323e+00,4.82722730e+00
1.52000000e+00,1.52000000e+00,1.48000000e+00,2.20253317e-03,1.37577444e+00,1.81154541e+00,8.97266091e-01,1.56238382e+00,3.40502704e+01,1.50157323e+00,4.82722730e+00
1.53000000e+00,1.53000000e+00,1.48000000e+00,2.20460895e-03,1.37577444e+00,1.81154541e+00,8.97266091e-01,1.56238382e+00,3.40502704e+01,1.50157323e+00,4.82722730e+00
1.54000000e+00,1.54000000e+00,1.48000000e+00,2.20666909e-03,1.37577444e+00,1.81154541e+00,8.97266091e-01,1.56238382e+00,3.40502704e+01,1.50157323e+00,4.82722730e+00
1.55000000e+00,1.55000000e+00,1.48000000e+00,2.20871393e-03,1.37577444e+00,1.81154541e+00,8.97266091e-01,1.56238382e+00,3.40502704e+01,1.50157323e+00,4.82722730e+00
1.56000000e+00,1.56000000e+00,1.48000000e+00,2.21074383e-03,1.37577444e+00,1.81154541e+00,8.97266091e-01,1.56238382e+00,3.40502704e+01,1.50157323e+00,4.82722730e+00
1.57000000e+00,1.57000000e+00,1.48000000e+00,2.21275913e-03,1.37577444e+00,1.81154541e+00,8.97266091e-01,1.56238382e+00,3.40502704e+01,1.50157323e+00,4.82722730e+00
1.58000000e+00,1.58000000e+00,1.48000000e+00,2.21476015e-03,1.37577444e+00,1.81154541e+00,8.97266091e-01,1.56238382e+00,3.40502704e+01,1.50157323e+00,4.82722730e+00
1.59000000e+00,1.59000000e+00,1.48000000e+00,2.21674722e-03,1.37577444e+00,1.81154541e+00,8.97266091e-01,1.56238382e+00,3.40502704e+01,1.50157323e+00,4.82722730e+00
1.60000000e+00,1.60000000e+00,1.48000000e+00,2.21872063e-03,1.37577444e+00,1.81154541e+00,8.97266091e-01,1.56238382e+00,3.40502704e+01,1.50157323e+00,4.82722730e+00
1.61000000e+00,1.61000000e+00,1.48000000e+00,2.22068069e-03,1.37577444e+00,1.81154541e+00,8.97266091e-01,1.56238382e+00,3.40502704e+01,1.50157323e+00,4.82722730e+00
1.62000000e+00,1.62000000e+00,1.48000000e+00,2.22262769e-03,1.37577444e+00,1.81154541e+00,8.97266091e-01,1.56238382e+00,3.40502704e+01,1.50157323e+00,4.82722730e+00
1.63000000e+00,1.63000000e+00,1.48000000e+00,2.22456191e-03,1.37577444e+00,1.81154541e+00,8.97266091e-01,1.56238382e+00,3.40502704e+01,1.50157323e+00,4.82722730e+00
1.64000000e+00,1.64000000e+00,1.48000000e+00,2.22648361e-03,1.37577444e+00,1.81154541e+00,8.97266091e-01,1.56238382e+00,3.40502704e+01,1.50157323e+00,4.82722730e+00
1.65000000e+00,1.65000000e+00,1.48000000e+00,2.22839307e-03,1.37577444e+00,1.81154541e+00,8.97266091e-01,1.56238382e+00,3.40502704e+01,1.50157323e+00,4.82722730e+00
1.66000000e+00,1.66000000e+00,1.48000000e+00,2.23029054e-03,1.37577444e+00,1.81154541e+00,8.97266091e-01,1.56238382e+00,3.40502704e+01,1.50157323e+00,4.82722730e+00
1.67000000e+00,1.67000000e+00,1.48000000e+00,2.23217627e-03,1.37577444e+00,1.81154541e+00,8.97266091e-01,1.56238382e+00,3.40502704e+01,1.50157323e+00,4.82722730e+00
1.68000000e+00,1.68000000e+00,1.48000000e+00,2.23405050e-03,1.37577444e+00,1.81154541e+00,8.97266091e-01,1.56238382e+00,3.40502704e+01,1.50157323e+00,4.82722730e+00
1.69000000e+00,1.69000000e+00,1.48000000e+00,2.23591347e-03,1.37577444e+00,1.81154541e+00,8.97266091e-01,1.56238382e+00,3.40502704e+01,1.50157323e+00,4.82722730e+00
1.70000000e+00,1.70000000e+00,1.48000000e+00,2.23776540e-03,1.37577444e+00,1.81154541e+00,8.97266091e-01,1.56238382e+00,3.40502704e+01,1.50157323e+00,4.82722730e+00
1.71000000e+00,1.71000000e+00,1.48000000e+00,2.23960653e-03,1.37577444e+00,1.81154541e+00,8.97266091e-01,1.56238382e+00,3.40502704e+01,1.50157323e+00,4.82722730e+00
1.72000000e+00,1.72000000e+00,1.48000000e+00,2.24143706e-03,1.37577444e+00,1.81154541e+00,8.97266091e-01,1.56238382e+00,3.40502704e+01,1.50157323e+00,4.82722730e+00
1.73000000e+00,1.73000000e+00,1.48000000e+00,2.24325720e-03,1.37577444e+00,1.81154541e+00,8.97266091e-01,1.56238382e+00,3.40502704e+01,1.50157323e+00,4.82722730e+00
1.74000000e+00,1.74000000e+00,1.48000000e+00,2.24506717e-03,1.37577444e+00,1.81154541e+00,8.97266091e-01,1.56238382e+00,3.40502704e+01,1.50157323e+00,4.82722730e+00
1.75000000e+00,1.75000000e+00,1.48000000e+00,2.24686716e-03,1.37577444e+00,1.81154541e+00,8.97266091e-01,1.56238382e+00,3.40502704e+01,1.50157323e+00,4.82722730e+00
1.76000000e+00,1.76000000e+00,1.48000000e+00,2.24865737e-03,1.37577444e+00,1.81154541e+00,8.97266091e-01,1.56238382e+00,3.40502704e+01,1.50157323e+00,4.82722730e+00
1.77000000e+00,1.77000000e+00,1.48000000e+00,2.25043798e-03,1.37577444e+00,1.81154541e+00,8.97266091e-01,1.56238382e+00,3.40502704e+01,1.50157323e+00,4.82722730e+00
1.78000000e+00,1.78000000e+00,1.48000000e+00,2.25220919e-03,1.37577444e+00,1.81154541e+00,8.97266091e-01,1.56238382e+00,3.40502704e+01,1.50157323e+00,4.82722730e+00
1.79000000e+00,1.79000000e+00,1.48000000e+00,2.25397117e-03,1.37577444e+00,1.81154541e+00,8.97266091e-01,1.56238382e+00,3.40502704e+01,1.50157323e+00,4.82722730e+00
1.80000000e+00,1.80000000e+00,1.48000000e+00,2.25572410e-03,1.37577444e+00,1.81154541e+00,8.97266091e-01,1.56238382e+00,3.40502704e+01,1.50157323e+00,4.82722730e+00
1.81000000e+00,1.81000000e+00,1.48000000e+00,2.25746816e-03,1.37577444e+00,1.81154541e+00,8.97266091e-01,1.56238382e+00,3.40502704e+01,1.50157323e+00,4.82722730e+00
1.82000000e+00,1.82000000e+00,1.48000000e+00,2.25920350e-03,1.37577444e+00,1.81154541e+00,8.97266091e-01,1.56238382e+00,3.40502704e+01,1.50157323e+00,4.82722730e+00
1.83000000e+00,1.83000000e+00,1.48000000e+00,2.26093031e-03,1.37577444e+00,1.81154541e+00,8.97266091e-01,1.56238382e+00,3.40502704e+01,1.50157323e+00,4.82722730e+00
1.84000000e+00,1.84000000e+00,1.48000000e+00,2.26264873e-03,1.37577444e+00,1.81154541e+00,8.97266091e-01,1.56238382e+00,3.40502704e+01,1.50157323e+00,4.82722730e+00
1.85000000e+00,1.85000000e+00,1.48000000e+00,2.26435894e-03,1.37577444e+00,1.81154541e+00,8.97266091e-01,1.56238382e+00,3.40502704e+01,1.50157323e+00,4.82722730e+00
