vSweep,run_num,vd,id,vth0,u0,rdsw,nfactor,vsat,eta0
0.00000000e+00,6.87600000e+03,1.85000000e+00,-2.82764371e-43,3.54973858e-01,5.60731873e-02,1.00192268e+02,5.06763376e+00,1.03471240e+05,-1.87525675e-01
1.00000000e-02,6.87600000e+03,1.85000000e+00,-3.89757808e-05,3.54973858e-01,5.60731873e-02,1.00192268e+02,5.06763376e+00,1.03471240e+05,-1.87525675e-01
2.00000000e-02,6.87600000e+03,1.85000000e+00,-7.71437069e-05,3.54973858e-01,5.60731873e-02,1.00192268e+02,5.06763376e+00,1.03471240e+05,-1.87525675e-01
3.00000000e-02,6.87600000e+03,1.85000000e+00,-1.14495752e-04,3.54973858e-01,5.60731873e-02,1.00192268e+02,5.06763376e+00,1.03471240e+05,-1.87525675e-01
4.00000000e-02,6.87600000e+03,1.85000000e+00,-1.51023653e-04,3.54973858e-01,5.60731873e-02,1.00192268e+02,5.06763376e+00,1.03471240e+05,-1.87525675e-01
5.00000000e-02,6.87600000e+03,1.85000000e+00,-1.86718609e-04,3.54973858e-01,5.60731873e-02,1.00192268e+02,5.06763376e+00,1.03471240e+05,-1.87525675e-01
6.00000000e-02,6.87600000e+03,1.85000000e+00,-2.21571025e-04,3.54973858e-01,5.60731873e-02,1.00192268e+02,5.06763376e+00,1.03471240e+05,-1.87525675e-01
7.00000000e-02,6.87600000e+03,1.85000000e+00,-2.55570296e-04,3.54973858e-01,5.60731873e-02,1.00192268e+02,5.06763376e+00,1.03471240e+05,-1.87525675e-01
8.00000000e-02,6.87600000e+03,1.85000000e+00,-2.88704636e-04,3.54973858e-01,5.60731873e-02,1.00192268e+02,5.06763376e+00,1.03471240e+05,-1.87525675e-01
9.00000000e-02,6.87600000e+03,1.85000000e+00,-3.20960956e-04,3.54973858e-01,5.60731873e-02,1.00192268e+02,5.06763376e+00,1.03471240e+05,-1.87525675e-01
1.00000000e-01,6.87600000e+03,1.85000000e+00,-3.52324802e-04,3.54973858e-01,5.60731873e-02,1.00192268e+02,5.06763376e+00,1.03471240e+05,-1.87525675e-01
1.10000000e-01,6.87600000e+03,1.85000000e+00,-3.82780360e-04,3.54973858e-01,5.60731873e-02,1.00192268e+02,5.06763376e+00,1.03471240e+05,-1.87525675e-01
1.20000000e-01,6.87600000e+03,1.85000000e+00,-4.12310558e-04,3.54973858e-01,5.60731873e-02,1.00192268e+02,5.06763376e+00,1.03471240e+05,-1.87525675e-01
1.30000000e-01,6.87600000e+03,1.85000000e+00,-4.40897264e-04,3.54973858e-01,5.60731873e-02,1.00192268e+02,5.06763376e+00,1.03471240e+05,-1.87525675e-01
1.40000000e-01,6.87600000e+03,1.85000000e+00,-4.68521622e-04,3.54973858e-01,5.60731873e-02,1.00192268e+02,5.06763376e+00,1.03471240e+05,-1.87525675e-01
1.50000000e-01,6.87600000e+03,1.85000000e+00,-4.95164513e-04,3.54973858e-01,5.60731873e-02,1.00192268e+02,5.06763376e+00,1.03471240e+05,-1.87525675e-01
1.60000000e-01,6.87600000e+03,1.85000000e+00,-5.20807180e-04,3.54973858e-01,5.60731873e-02,1.00192268e+02,5.06763376e+00,1.03471240e+05,-1.87525675e-01
1.70000000e-01,6.87600000e+03,1.85000000e+00,-5.45431993e-04,3.54973858e-01,5.60731873e-02,1.00192268e+02,5.06763376e+00,1.03471240e+05,-1.87525675e-01
1.80000000e-01,6.87600000e+03,1.85000000e+00,-5.69023350e-04,3.54973858e-01,5.60731873e-02,1.00192268e+02,5.06763376e+00,1.03471240e+05,-1.87525675e-01
1.90000000e-01,6.87600000e+03,1.85000000e+00,-5.91568667e-04,3.54973858e-01,5.60731873e-02,1.00192268e+02,5.06763376e+00,1.03471240e+05,-1.87525675e-01
2.00000000e-01,6.87600000e+03,1.85000000e+00,-6.13059410e-04,3.54973858e-01,5.60731873e-02,1.00192268e+02,5.06763376e+00,1.03471240e+05,-1.87525675e-01
2.10000000e-01,6.87600000e+03,1.85000000e+00,-6.33492083e-04,3.54973858e-01,5.60731873e-02,1.00192268e+02,5.06763376e+00,1.03471240e+05,-1.87525675e-01
2.20000000e-01,6.87600000e+03,1.85000000e+00,-6.52869091e-04,3.54973858e-01,5.60731873e-02,1.00192268e+02,5.06763376e+00,1.03471240e+05,-1.87525675e-01
2.30000000e-01,6.87600000e+03,1.85000000e+00,-6.71199387e-04,3.54973858e-01,5.60731873e-02,1.00192268e+02,5.06763376e+00,1.03471240e+05,-1.87525675e-01
2.40000000e-01,6.87600000e+03,1.85000000e+00,-6.88498822e-04,3.54973858e-01,5.60731873e-02,1.00192268e+02,5.06763376e+00,1.03471240e+05,-1.87525675e-01
2.50000000e-01,6.87600000e+03,1.85000000e+00,-7.04790162e-04,3.54973858e-01,5.60731873e-02,1.00192268e+02,5.06763376e+00,1.03471240e+05,-1.87525675e-01
2.60000000e-01,6.87600000e+03,1.85000000e+00,-7.20102757e-04,3.54973858e-01,5.60731873e-02,1.00192268e+02,5.06763376e+00,1.03471240e+05,-1.87525675e-01
2.70000000e-01,6.87600000e+03,1.85000000e+00,-7.34471880e-04,3.54973858e-01,5.60731873e-02,1.00192268e+02,5.06763376e+00,1.03471240e+05,-1.87525675e-01
2.80000000e-01,6.87600000e+03,1.85000000e+00,-7.47937818e-04,3.54973858e-01,5.60731873e-02,1.00192268e+02,5.06763376e+00,1.03471240e+05,-1.87525675e-01
2.90000000e-01,6.87600000e+03,1.85000000e+00,-7.60544785e-04,3.54973858e-01,5.60731873e-02,1.00192268e+02,5.06763376e+00,1.03471240e+05,-1.87525675e-01
3.00000000e-01,6.87600000e+03,1.85000000e+00,-7.72339755e-04,3.54973858e-01,5.60731873e-02,1.00192268e+02,5.06763376e+00,1.03471240e+05,-1.87525675e-01
3.10000000e-01,6.87600000e+03,1.85000000e+00,-7.83371314e-04,3.54973858e-01,5.60731873e-02,1.00192268e+02,5.06763376e+00,1.03471240e+05,-1.87525675e-01
3.20000000e-01,6.87600000e+03,1.85000000e+00,-7.93688585e-04,3.54973858e-01,5.60731873e-02,1.00192268e+02,5.06763376e+00,1.03471240e+05,-1.87525675e-01
3.30000000e-01,6.87600000e+03,1.85000000e+00,-8.03340294e-04,3.54973858e-01,5.60731873e-02,1.00192268e+02,5.06763376e+00,1.03471240e+05,-1.87525675e-01
3.40000000e-01,6.87600000e+03,1.85000000e+00,-8.12373998e-04,3.54973858e-01,5.60731873e-02,1.00192268e+02,5.06763376e+00,1.03471240e+05,-1.87525675e-01
3.50000000e-01,6.87600000e+03,1.85000000e+00,-8.20835482e-04,3.54973858e-01,5.60731873e-02,1.00192268e+02,5.06763376e+00,1.03471240e+05,-1.87525675e-01
3.60000000e-01,6.87600000e+03,1.85000000e+00,-8.28768324e-04,3.54973858e-01,5.60731873e-02,1.00192268e+02,5.06763376e+00,1.03471240e+05,-1.87525675e-01
3.70000000e-01,6.87600000e+03,1.85000000e+00,-8.36213608e-04,3.54973858e-01,5.60731873e-02,1.00192268e+02,5.06763376e+00,1.03471240e+05,-1.87525675e-01
3.80000000e-01,6.87600000e+03,1.85000000e+00,-8.43209760e-04,3.54973858e-01,5.60731873e-02,1.00192268e+02,5.06763376e+00,1.03471240e+05,-1.87525675e-01
3.90000000e-01,6.87600000e+03,1.85000000e+00,-8.49792490e-04,3.54973858e-01,5.60731873e-02,1.00192268e+02,5.06763376e+00,1.03471240e+05,-1.87525675e-01
4.00000000e-01,6.87600000e+03,1.85000000e+00,-8.55994810e-04,3.54973858e-01,5.60731873e-02,1.00192268e+02,5.06763376e+00,1.03471240e+05,-1.87525675e-01
4.10000000e-01,6.87600000e+03,1.85000000e+00,-8.61847111e-04,3.54973858e-01,5.60731873e-02,1.00192268e+02,5.06763376e+00,1.03471240e+05,-1.87525675e-01
4.20000000e-01,6.87600000e+03,1.85000000e+00,-8.67377277e-04,3.54973858e-01,5.60731873e-02,1.00192268e+02,5.06763376e+00,1.03471240e+05,-1.87525675e-01
4.30000000e-01,6.87600000e+03,1.85000000e+00,-8.72610833e-04,3.54973858e-01,5.60731873e-02,1.00192268e+02,5.06763376e+00,1.03471240e+05,-1.87525675e-01
4.40000000e-01,6.87600000e+03,1.85000000e+00,-8.77571097e-04,3.54973858e-01,5.60731873e-02,1.00192268e+02,5.06763376e+00,1.03471240e+05,-1.87525675e-01
4.50000000e-01,6.87600000e+03,1.85000000e+00,-8.82279347e-04,3.54973858e-01,5.60731873e-02,1.00192268e+02,5.06763376e+00,1.03471240e+05,-1.87525675e-01
4.60000000e-01,6.87600000e+03,1.85000000e+00,-8.86754980e-04,3.54973858e-01,5.60731873e-02,1.00192268e+02,5.06763376e+00,1.03471240e+05,-1.87525675e-01
4.70000000e-01,6.87600000e+03,1.85000000e+00,-8.91015673e-04,3.54973858e-01,5.60731873e-02,1.00192268e+02,5.06763376e+00,1.03471240e+05,-1.87525675e-01
4.80000000e-01,6.87600000e+03,1.85000000e+00,-8.95077535e-04,3.54973858e-01,5.60731873e-02,1.00192268e+02,5.06763376e+00,1.03471240e+05,-1.87525675e-01
4.90000000e-01,6.87600000e+03,1.85000000e+00,-8.98955244e-04,3.54973858e-01,5.60731873e-02,1.00192268e+02,5.06763376e+00,1.03471240e+05,-1.87525675e-01
5.00000000e-01,6.87600000e+03,1.85000000e+00,-9.02662186e-04,3.54973858e-01,5.60731873e-02,1.00192268e+02,5.06763376e+00,1.03471240e+05,-1.87525675e-01
5.10000000e-01,6.87600000e+03,1.85000000e+00,-9.06210570e-04,3.54973858e-01,5.60731873e-02,1.00192268e+02,5.06763376e+00,1.03471240e+05,-1.87525675e-01
5.20000000e-01,6.87600000e+03,1.85000000e+00,-9.09611543e-04,3.54973858e-01,5.60731873e-02,1.00192268e+02,5.06763376e+00,1.03471240e+05,-1.87525675e-01
5.30000000e-01,6.87600000e+03,1.85000000e+00,-9.12875290e-04,3.54973858e-01,5.60731873e-02,1.00192268e+02,5.06763376e+00,1.03471240e+05,-1.87525675e-01
5.40000000e-01,6.87600000e+03,1.85000000e+00,-9.16011125e-04,3.54973858e-01,5.60731873e-02,1.00192268e+02,5.06763376e+00,1.03471240e+05,-1.87525675e-01
5.50000000e-01,6.87600000e+03,1.85000000e+00,-9.19027577e-04,3.54973858e-01,5.60731873e-02,1.00192268e+02,5.06763376e+00,1.03471240e+05,-1.87525675e-01
5.60000000e-01,6.87600000e+03,1.85000000e+00,-9.21932463e-04,3.54973858e-01,5.60731873e-02,1.00192268e+02,5.06763376e+00,1.03471240e+05,-1.87525675e-01
5.70000000e-01,6.87600000e+03,1.85000000e+00,-9.24732955e-04,3.54973858e-01,5.60731873e-02,1.00192268e+02,5.06763376e+00,1.03471240e+05,-1.87525675e-01
5.80000000e-01,6.87600000e+03,1.85000000e+00,-9.27435642e-04,3.54973858e-01,5.60731873e-02,1.00192268e+02,5.06763376e+00,1.03471240e+05,-1.87525675e-01
5.90000000e-01,6.87600000e+03,1.85000000e+00,-9.30046584e-04,3.54973858e-01,5.60731873e-02,1.00192268e+02,5.06763376e+00,1.03471240e+05,-1.87525675e-01
6.00000000e-01,6.87600000e+03,1.85000000e+00,-9.32571363e-04,3.54973858e-01,5.60731873e-02,1.00192268e+02,5.06763376e+00,1.03471240e+05,-1.87525675e-01
6.10000000e-01,6.87600000e+03,1.85000000e+00,-9.35015123e-04,3.54973858e-01,5.60731873e-02,1.00192268e+02,5.06763376e+00,1.03471240e+05,-1.87525675e-01
6.20000000e-01,6.87600000e+03,1.85000000e+00,-9.37382616e-04,3.54973858e-01,5.60731873e-02,1.00192268e+02,5.06763376e+00,1.03471240e+05,-1.87525675e-01
6.30000000e-01,6.87600000e+03,1.85000000e+00,-9.39678231e-04,3.54973858e-01,5.60731873e-02,1.00192268e+02,5.06763376e+00,1.03471240e+05,-1.87525675e-01
6.40000000e-01,6.87600000e+03,1.85000000e+00,-9.41906033e-04,3.54973858e-01,5.60731873e-02,1.00192268e+02,5.06763376e+00,1.03471240e+05,-1.87525675e-01
6.50000000e-01,6.87600000e+03,1.85000000e+00,-9.44069784e-04,3.54973858e-01,5.60731873e-02,1.00192268e+02,5.06763376e+00,1.03471240e+05,-1.87525675e-01
6.60000000e-01,6.87600000e+03,1.85000000e+00,-9.46172977e-04,3.54973858e-01,5.60731873e-02,1.00192268e+02,5.06763376e+00,1.03471240e+05,-1.87525675e-01
6.70000000e-01,6.87600000e+03,1.85000000e+00,-9.48218856e-04,3.54973858e-01,5.60731873e-02,1.00192268e+02,5.06763376e+00,1.03471240e+05,-1.87525675e-01
6.80000000e-01,6.87600000e+03,1.85000000e+00,-9.50210434e-04,3.54973858e-01,5.60731873e-02,1.00192268e+02,5.06763376e+00,1.03471240e+05,-1.87525675e-01
6.90000000e-01,6.87600000e+03,1.85000000e+00,-9.52150519e-04,3.54973858e-01,5.60731873e-02,1.00192268e+02,5.06763376e+00,1.03471240e+05,-1.87525675e-01
7.00000000e-01,6.87600000e+03,1.85000000e+00,-9.54041727e-04,3.54973858e-01,5.60731873e-02,1.00192268e+02,5.06763376e+00,1.03471240e+05,-1.87525675e-01
7.10000000e-01,6.87600000e+03,1.85000000e+00,-9.55886496e-04,3.54973858e-01,5.60731873e-02,1.00192268e+02,5.06763376e+00,1.03471240e+05,-1.87525675e-01
7.20000000e-01,6.87600000e+03,1.85000000e+00,-9.57687106e-04,3.54973858e-01,5.60731873e-02,1.00192268e+02,5.06763376e+00,1.03471240e+05,-1.87525675e-01
7.30000000e-01,6.87600000e+03,1.85000000e+00,-9.59445687e-04,3.54973858e-01,5.60731873e-02,1.00192268e+02,5.06763376e+00,1.03471240e+05,-1.87525675e-01
7.40000000e-01,6.87600000e+03,1.85000000e+00,-9.61164233e-04,3.54973858e-01,5.60731873e-02,1.00192268e+02,5.06763376e+00,1.03471240e+05,-1.87525675e-01
7.50000000e-01,6.87600000e+03,1.85000000e+00,-9.62844612e-04,3.54973858e-01,5.60731873e-02,1.00192268e+02,5.06763376e+00,1.03471240e+05,-1.87525675e-01
7.60000000e-01,6.87600000e+03,1.85000000e+00,-9.64488575e-04,3.54973858e-01,5.60731873e-02,1.00192268e+02,5.06763376e+00,1.03471240e+05,-1.87525675e-01
7.70000000e-01,6.87600000e+03,1.85000000e+00,-9.66097765e-04,3.54973858e-01,5.60731873e-02,1.00192268e+02,5.06763376e+00,1.03471240e+05,-1.87525675e-01
7.80000000e-01,6.87600000e+03,1.85000000e+00,-9.67673728e-04,3.54973858e-01,5.60731873e-02,1.00192268e+02,5.06763376e+00,1.03471240e+05,-1.87525675e-01
7.90000000e-01,6.87600000e+03,1.85000000e+00,-9.69217916e-04,3.54973858e-01,5.60731873e-02,1.00192268e+02,5.06763376e+00,1.03471240e+05,-1.87525675e-01
8.00000000e-01,6.87600000e+03,1.85000000e+00,-9.70731697e-04,3.54973858e-01,5.60731873e-02,1.00192268e+02,5.06763376e+00,1.03471240e+05,-1.87525675e-01
8.10000000e-01,6.87600000e+03,1.85000000e+00,-9.72216357e-04,3.54973858e-01,5.60731873e-02,1.00192268e+02,5.06763376e+00,1.03471240e+05,-1.87525675e-01
8.20000000e-01,6.87600000e+03,1.85000000e+00,-9.73673113e-04,3.54973858e-01,5.60731873e-02,1.00192268e+02,5.06763376e+00,1.03471240e+05,-1.87525675e-01
8.30000000e-01,6.87600000e+03,1.85000000e+00,-9.75103109e-04,3.54973858e-01,5.60731873e-02,1.00192268e+02,5.06763376e+00,1.03471240e+05,-1.87525675e-01
8.40000000e-01,6.87600000e+03,1.85000000e+00,-9.76507429e-04,3.54973858e-01,5.60731873e-02,1.00192268e+02,5.06763376e+00,1.03471240e+05,-1.87525675e-01
8.50000000e-01,6.87600000e+03,1.85000000e+00,-9.77887096e-04,3.54973858e-01,5.60731873e-02,1.00192268e+02,5.06763376e+00,1.03471240e+05,-1.87525675e-01
8.60000000e-01,6.87600000e+03,1.85000000e+00,-9.79243078e-04,3.54973858e-01,5.60731873e-02,1.00192268e+02,5.06763376e+00,1.03471240e+05,-1.87525675e-01
8.70000000e-01,6.87600000e+03,1.85000000e+00,-9.80576290e-04,3.54973858e-01,5.60731873e-02,1.00192268e+02,5.06763376e+00,1.03471240e+05,-1.87525675e-01
8.80000000e-01,6.87600000e+03,1.85000000e+00,-9.81887602e-04,3.54973858e-01,5.60731873e-02,1.00192268e+02,5.06763376e+00,1.03471240e+05,-1.87525675e-01
8.90000000e-01,6.87600000e+03,1.85000000e+00,-9.83177837e-04,3.54973858e-01,5.60731873e-02,1.00192268e+02,5.06763376e+00,1.03471240e+05,-1.87525675e-01
9.00000000e-01,6.87600000e+03,1.85000000e+00,-9.84447776e-04,3.54973858e-01,5.60731873e-02,1.00192268e+02,5.06763376e+00,1.03471240e+05,-1.87525675e-01
9.10000000e-01,6.87600000e+03,1.85000000e+00,-9.85698160e-04,3.54973858e-01,5.60731873e-02,1.00192268e+02,5.06763376e+00,1.03471240e+05,-1.87525675e-01
9.20000000e-01,6.87600000e+03,1.85000000e+00,-9.86929693e-04,3.54973858e-01,5.60731873e-02,1.00192268e+02,5.06763376e+00,1.03471240e+05,-1.87525675e-01
9.30000000e-01,6.87600000e+03,1.85000000e+00,-9.88143047e-04,3.54973858e-01,5.60731873e-02,1.00192268e+02,5.06763376e+00,1.03471240e+05,-1.87525675e-01
9.40000000e-01,6.87600000e+03,1.85000000e+00,-9.89338859e-04,3.54973858e-01,5.60731873e-02,1.00192268e+02,5.06763376e+00,1.03471240e+05,-1.87525675e-01
9.50000000e-01,6.87600000e+03,1.85000000e+00,-9.90517734e-04,3.54973858e-01,5.60731873e-02,1.00192268e+02,5.06763376e+00,1.03471240e+05,-1.87525675e-01
9.60000000e-01,6.87600000e+03,1.85000000e+00,-9.91680252e-04,3.54973858e-01,5.60731873e-02,1.00192268e+02,5.06763376e+00,1.03471240e+05,-1.87525675e-01
9.70000000e-01,6.87600000e+03,1.85000000e+00,-9.92826963e-04,3.54973858e-01,5.60731873e-02,1.00192268e+02,5.06763376e+00,1.03471240e+05,-1.87525675e-01
9.80000000e-01,6.87600000e+03,1.85000000e+00,-9.93958393e-04,3.54973858e-01,5.60731873e-02,1.00192268e+02,5.06763376e+00,1.03471240e+05,-1.87525675e-01
9.90000000e-01,6.87600000e+03,1.85000000e+00,-9.95075044e-04,3.54973858e-01,5.60731873e-02,1.00192268e+02,5.06763376e+00,1.03471240e+05,-1.87525675e-01
1.00000000e+00,6.87600000e+03,1.85000000e+00,-9.96177393e-04,3.54973858e-01,5.60731873e-02,1.00192268e+02,5.06763376e+00,1.03471240e+05,-1.87525675e-01
1.01000000e+00,6.87600000e+03,1.85000000e+00,-9.97265900e-04,3.54973858e-01,5.60731873e-02,1.00192268e+02,5.06763376e+00,1.03471240e+05,-1.87525675e-01
1.02000000e+00,6.87600000e+03,1.85000000e+00,-9.98341000e-04,3.54973858e-01,5.60731873e-02,1.00192268e+02,5.06763376e+00,1.03471240e+05,-1.87525675e-01
1.03000000e+00,6.87600000e+03,1.85000000e+00,-9.99403113e-04,3.54973858e-01,5.60731873e-02,1.00192268e+02,5.06763376e+00,1.03471240e+05,-1.87525675e-01
1.04000000e+00,6.87600000e+03,1.85000000e+00,-1.00045264e-03,3.54973858e-01,5.60731873e-02,1.00192268e+02,5.06763376e+00,1.03471240e+05,-1.87525675e-01
1.05000000e+00,6.87600000e+03,1.85000000e+00,-1.00148996e-03,3.54973858e-01,5.60731873e-02,1.00192268e+02,5.06763376e+00,1.03471240e+05,-1.87525675e-01
1.06000000e+00,6.87600000e+03,1.85000000e+00,-1.00251544e-03,3.54973858e-01,5.60731873e-02,1.00192268e+02,5.06763376e+00,1.03471240e+05,-1.87525675e-01
1.07000000e+00,6.87600000e+03,1.85000000e+00,-1.00352944e-03,3.54973858e-01,5.60731873e-02,1.00192268e+02,5.06763376e+00,1.03471240e+05,-1.87525675e-01
1.08000000e+00,6.87600000e+03,1.85000000e+00,-1.00453230e-03,3.54973858e-01,5.60731873e-02,1.00192268e+02,5.06763376e+00,1.03471240e+05,-1.87525675e-01
1.09000000e+00,6.87600000e+03,1.85000000e+00,-1.00552433e-03,3.54973858e-01,5.60731873e-02,1.00192268e+02,5.06763376e+00,1.03471240e+05,-1.87525675e-01
1.10000000e+00,6.87600000e+03,1.85000000e+00,-1.00650584e-03,3.54973858e-01,5.60731873e-02,1.00192268e+02,5.06763376e+00,1.03471240e+05,-1.87525675e-01
1.11000000e+00,6.87600000e+03,1.85000000e+00,-1.00747714e-03,3.54973858e-01,5.60731873e-02,1.00192268e+02,5.06763376e+00,1.03471240e+05,-1.87525675e-01
1.12000000e+00,6.87600000e+03,1.85000000e+00,-1.00843851e-03,3.54973858e-01,5.60731873e-02,1.00192268e+02,5.06763376e+00,1.03471240e+05,-1.87525675e-01
1.13000000e+00,6.87600000e+03,1.85000000e+00,-1.00939023e-03,3.54973858e-01,5.60731873e-02,1.00192268e+02,5.06763376e+00,1.03471240e+05,-1.87525675e-01
1.14000000e+00,6.87600000e+03,1.85000000e+00,-1.01033256e-03,3.54973858e-01,5.60731873e-02,1.00192268e+02,5.06763376e+00,1.03471240e+05,-1.87525675e-01
1.15000000e+00,6.87600000e+03,1.85000000e+00,-1.01126576e-03,3.54973858e-01,5.60731873e-02,1.00192268e+02,5.06763376e+00,1.03471240e+05,-1.87525675e-01
1.16000000e+00,6.87600000e+03,1.85000000e+00,-1.01219007e-03,3.54973858e-01,5.60731873e-02,1.00192268e+02,5.06763376e+00,1.03471240e+05,-1.87525675e-01
1.17000000e+00,6.87600000e+03,1.85000000e+00,-1.01310573e-03,3.54973858e-01,5.60731873e-02,1.00192268e+02,5.06763376e+00,1.03471240e+05,-1.87525675e-01
1.18000000e+00,6.87600000e+03,1.85000000e+00,-1.01401296e-03,3.54973858e-01,5.60731873e-02,1.00192268e+02,5.06763376e+00,1.03471240e+05,-1.87525675e-01
1.19000000e+00,6.87600000e+03,1.85000000e+00,-1.01491199e-03,3.54973858e-01,5.60731873e-02,1.00192268e+02,5.06763376e+00,1.03471240e+05,-1.87525675e-01
1.20000000e+00,6.87600000e+03,1.85000000e+00,-1.01580302e-03,3.54973858e-01,5.60731873e-02,1.00192268e+02,5.06763376e+00,1.03471240e+05,-1.87525675e-01
1.21000000e+00,6.87600000e+03,1.85000000e+00,-1.01668625e-03,3.54973858e-01,5.60731873e-02,1.00192268e+02,5.06763376e+00,1.03471240e+05,-1.87525675e-01
1.22000000e+00,6.87600000e+03,1.85000000e+00,-1.01756190e-03,3.54973858e-01,5.60731873e-02,1.00192268e+02,5.06763376e+00,1.03471240e+05,-1.87525675e-01
1.23000000e+00,6.87600000e+03,1.85000000e+00,-1.01843013e-03,3.54973858e-01,5.60731873e-02,1.00192268e+02,5.06763376e+00,1.03471240e+05,-1.87525675e-01
1.24000000e+00,6.87600000e+03,1.85000000e+00,-1.01929115e-03,3.54973858e-01,5.60731873e-02,1.00192268e+02,5.06763376e+00,1.03471240e+05,-1.87525675e-01
1.25000000e+00,6.87600000e+03,1.85000000e+00,-1.02014511e-03,3.54973858e-01,5.60731873e-02,1.00192268e+02,5.06763376e+00,1.03471240e+05,-1.87525675e-01
1.26000000e+00,6.87600000e+03,1.85000000e+00,-1.02099220e-03,3.54973858e-01,5.60731873e-02,1.00192268e+02,5.06763376e+00,1.03471240e+05,-1.87525675e-01
1.27000000e+00,6.87600000e+03,1.85000000e+00,-1.02183258e-03,3.54973858e-01,5.60731873e-02,1.00192268e+02,5.06763376e+00,1.03471240e+05,-1.87525675e-01
1.28000000e+00,6.87600000e+03,1.85000000e+00,-1.02266640e-03,3.54973858e-01,5.60731873e-02,1.00192268e+02,5.06763376e+00,1.03471240e+05,-1.87525675e-01
1.29000000e+00,6.87600000e+03,1.85000000e+00,-1.02349382e-03,3.54973858e-01,5.60731873e-02,1.00192268e+02,5.06763376e+00,1.03471240e+05,-1.87525675e-01
1.30000000e+00,6.87600000e+03,1.85000000e+00,-1.02431500e-03,3.54973858e-01,5.60731873e-02,1.00192268e+02,5.06763376e+00,1.03471240e+05,-1.87525675e-01
1.31000000e+00,6.87600000e+03,1.85000000e+00,-1.02513006e-03,3.54973858e-01,5.60731873e-02,1.00192268e+02,5.06763376e+00,1.03471240e+05,-1.87525675e-01
1.32000000e+00,6.87600000e+03,1.85000000e+00,-1.02593916e-03,3.54973858e-01,5.60731873e-02,1.00192268e+02,5.06763376e+00,1.03471240e+05,-1.87525675e-01
1.33000000e+00,6.87600000e+03,1.85000000e+00,-1.02674243e-03,3.54973858e-01,5.60731873e-02,1.00192268e+02,5.06763376e+00,1.03471240e+05,-1.87525675e-01
1.34000000e+00,6.87600000e+03,1.85000000e+00,-1.02754000e-03,3.54973858e-01,5.60731873e-02,1.00192268e+02,5.06763376e+00,1.03471240e+05,-1.87525675e-01
1.35000000e+00,6.87600000e+03,1.85000000e+00,-1.02833199e-03,3.54973858e-01,5.60731873e-02,1.00192268e+02,5.06763376e+00,1.03471240e+05,-1.87525675e-01
1.36000000e+00,6.87600000e+03,1.85000000e+00,-1.02911853e-03,3.54973858e-01,5.60731873e-02,1.00192268e+02,5.06763376e+00,1.03471240e+05,-1.87525675e-01
1.37000000e+00,6.87600000e+03,1.85000000e+00,-1.02989974e-03,3.54973858e-01,5.60731873e-02,1.00192268e+02,5.06763376e+00,1.03471240e+05,-1.87525675e-01
1.38000000e+00,6.87600000e+03,1.85000000e+00,-1.03067573e-03,3.54973858e-01,5.60731873e-02,1.00192268e+02,5.06763376e+00,1.03471240e+05,-1.87525675e-01
1.39000000e+00,6.87600000e+03,1.85000000e+00,-1.03144661e-03,3.54973858e-01,5.60731873e-02,1.00192268e+02,5.06763376e+00,1.03471240e+05,-1.87525675e-01
1.40000000e+00,6.87600000e+03,1.85000000e+00,-1.03221250e-03,3.54973858e-01,5.60731873e-02,1.00192268e+02,5.06763376e+00,1.03471240e+05,-1.87525675e-01
1.41000000e+00,6.87600000e+03,1.85000000e+00,-1.03297350e-03,3.54973858e-01,5.60731873e-02,1.00192268e+02,5.06763376e+00,1.03471240e+05,-1.87525675e-01
1.42000000e+00,6.87600000e+03,1.85000000e+00,-1.03372971e-03,3.54973858e-01,5.60731873e-02,1.00192268e+02,5.06763376e+00,1.03471240e+05,-1.87525675e-01
1.43000000e+00,6.87600000e+03,1.85000000e+00,-1.03448123e-03,3.54973858e-01,5.60731873e-02,1.00192268e+02,5.06763376e+00,1.03471240e+05,-1.87525675e-01
1.44000000e+00,6.87600000e+03,1.85000000e+00,-1.03522816e-03,3.54973858e-01,5.60731873e-02,1.00192268e+02,5.06763376e+00,1.03471240e+05,-1.87525675e-01
1.45000000e+00,6.87600000e+03,1.85000000e+00,-1.03597059e-03,3.54973858e-01,5.60731873e-02,1.00192268e+02,5.06763376e+00,1.03471240e+05,-1.87525675e-01
1.46000000e+00,6.87600000e+03,1.85000000e+00,-1.03670862e-03,3.54973858e-01,5.60731873e-02,1.00192268e+02,5.06763376e+00,1.03471240e+05,-1.87525675e-01
1.47000000e+00,6.87600000e+03,1.85000000e+00,-1.03744233e-03,3.54973858e-01,5.60731873e-02,1.00192268e+02,5.06763376e+00,1.03471240e+05,-1.87525675e-01
1.48000000e+00,6.87600000e+03,1.85000000e+00,-1.03817181e-03,3.54973858e-01,5.60731873e-02,1.00192268e+02,5.06763376e+00,1.03471240e+05,-1.87525675e-01
1.49000000e+00,6.87600000e+03,1.85000000e+00,-1.03889716e-03,3.54973858e-01,5.60731873e-02,1.00192268e+02,5.06763376e+00,1.03471240e+05,-1.87525675e-01
1.50000000e+00,6.87600000e+03,1.85000000e+00,-1.03961844e-03,3.54973858e-01,5.60731873e-02,1.00192268e+02,5.06763376e+00,1.03471240e+05,-1.87525675e-01
1.51000000e+00,6.87600000e+03,1.85000000e+00,-1.04033575e-03,3.54973858e-01,5.60731873e-02,1.00192268e+02,5.06763376e+00,1.03471240e+05,-1.87525675e-01
1.52000000e+00,6.87600000e+03,1.85000000e+00,-1.04104916e-03,3.54973858e-01,5.60731873e-02,1.00192268e+02,5.06763376e+00,1.03471240e+05,-1.87525675e-01
1.53000000e+00,6.87600000e+03,1.85000000e+00,-1.04175875e-03,3.54973858e-01,5.60731873e-02,1.00192268e+02,5.06763376e+00,1.03471240e+05,-1.87525675e-01
1.54000000e+00,6.87600000e+03,1.85000000e+00,-1.04246460e-03,3.54973858e-01,5.60731873e-02,1.00192268e+02,5.06763376e+00,1.03471240e+05,-1.87525675e-01
1.55000000e+00,6.87600000e+03,1.85000000e+00,-1.04316678e-03,3.54973858e-01,5.60731873e-02,1.00192268e+02,5.06763376e+00,1.03471240e+05,-1.87525675e-01
1.56000000e+00,6.87600000e+03,1.85000000e+00,-1.04386537e-03,3.54973858e-01,5.60731873e-02,1.00192268e+02,5.06763376e+00,1.03471240e+05,-1.87525675e-01
1.57000000e+00,6.87600000e+03,1.85000000e+00,-1.04456045e-03,3.54973858e-01,5.60731873e-02,1.00192268e+02,5.06763376e+00,1.03471240e+05,-1.87525675e-01
1.58000000e+00,6.87600000e+03,1.85000000e+00,-1.04525208e-03,3.54973858e-01,5.60731873e-02,1.00192268e+02,5.06763376e+00,1.03471240e+05,-1.87525675e-01
1.59000000e+00,6.87600000e+03,1.85000000e+00,-1.04594033e-03,3.54973858e-01,5.60731873e-02,1.00192268e+02,5.06763376e+00,1.03471240e+05,-1.87525675e-01
1.60000000e+00,6.87600000e+03,1.85000000e+00,-1.04662528e-03,3.54973858e-01,5.60731873e-02,1.00192268e+02,5.06763376e+00,1.03471240e+05,-1.87525675e-01
1.61000000e+00,6.87600000e+03,1.85000000e+00,-1.04730700e-03,3.54973858e-01,5.60731873e-02,1.00192268e+02,5.06763376e+00,1.03471240e+05,-1.87525675e-01
1.62000000e+00,6.87600000e+03,1.85000000e+00,-1.04798556e-03,3.54973858e-01,5.60731873e-02,1.00192268e+02,5.06763376e+00,1.03471240e+05,-1.87525675e-01
1.63000000e+00,6.87600000e+03,1.85000000e+00,-1.04866103e-03,3.54973858e-01,5.60731873e-02,1.00192268e+02,5.06763376e+00,1.03471240e+05,-1.87525675e-01
1.64000000e+00,6.87600000e+03,1.85000000e+00,-1.04933348e-03,3.54973858e-01,5.60731873e-02,1.00192268e+02,5.06763376e+00,1.03471240e+05,-1.87525675e-01
1.65000000e+00,6.87600000e+03,1.85000000e+00,-1.05000299e-03,3.54973858e-01,5.60731873e-02,1.00192268e+02,5.06763376e+00,1.03471240e+05,-1.87525675e-01
1.66000000e+00,6.87600000e+03,1.85000000e+00,-1.05066962e-03,3.54973858e-01,5.60731873e-02,1.00192268e+02,5.06763376e+00,1.03471240e+05,-1.87525675e-01
1.67000000e+00,6.87600000e+03,1.85000000e+00,-1.05133344e-03,3.54973858e-01,5.60731873e-02,1.00192268e+02,5.06763376e+00,1.03471240e+05,-1.87525675e-01
1.68000000e+00,6.87600000e+03,1.85000000e+00,-1.05199454e-03,3.54973858e-01,5.60731873e-02,1.00192268e+02,5.06763376e+00,1.03471240e+05,-1.87525675e-01
1.69000000e+00,6.87600000e+03,1.85000000e+00,-1.05265298e-03,3.54973858e-01,5.60731873e-02,1.00192268e+02,5.06763376e+00,1.03471240e+05,-1.87525675e-01
1.70000000e+00,6.87600000e+03,1.85000000e+00,-1.05330884e-03,3.54973858e-01,5.60731873e-02,1.00192268e+02,5.06763376e+00,1.03471240e+05,-1.87525675e-01
1.71000000e+00,6.87600000e+03,1.85000000e+00,-1.05396221e-03,3.54973858e-01,5.60731873e-02,1.00192268e+02,5.06763376e+00,1.03471240e+05,-1.87525675e-01
1.72000000e+00,6.87600000e+03,1.85000000e+00,-1.05461316e-03,3.54973858e-01,5.60731873e-02,1.00192268e+02,5.06763376e+00,1.03471240e+05,-1.87525675e-01
1.73000000e+00,6.87600000e+03,1.85000000e+00,-1.05526177e-03,3.54973858e-01,5.60731873e-02,1.00192268e+02,5.06763376e+00,1.03471240e+05,-1.87525675e-01
1.74000000e+00,6.87600000e+03,1.85000000e+00,-1.05590813e-03,3.54973858e-01,5.60731873e-02,1.00192268e+02,5.06763376e+00,1.03471240e+05,-1.87525675e-01
1.75000000e+00,6.87600000e+03,1.85000000e+00,-1.05655233e-03,3.54973858e-01,5.60731873e-02,1.00192268e+02,5.06763376e+00,1.03471240e+05,-1.87525675e-01
1.76000000e+00,6.87600000e+03,1.85000000e+00,-1.05719447e-03,3.54973858e-01,5.60731873e-02,1.00192268e+02,5.06763376e+00,1.03471240e+05,-1.87525675e-01
1.77000000e+00,6.87600000e+03,1.85000000e+00,-1.05783463e-03,3.54973858e-01,5.60731873e-02,1.00192268e+02,5.06763376e+00,1.03471240e+05,-1.87525675e-01
1.78000000e+00,6.87600000e+03,1.85000000e+00,-1.05847292e-03,3.54973858e-01,5.60731873e-02,1.00192268e+02,5.06763376e+00,1.03471240e+05,-1.87525675e-01
1.79000000e+00,6.87600000e+03,1.85000000e+00,-1.05910945e-03,3.54973858e-01,5.60731873e-02,1.00192268e+02,5.06763376e+00,1.03471240e+05,-1.87525675e-01
1.80000000e+00,6.87600000e+03,1.85000000e+00,-1.05974432e-03,3.54973858e-01,5.60731873e-02,1.00192268e+02,5.06763376e+00,1.03471240e+05,-1.87525675e-01
1.81000000e+00,6.87600000e+03,1.85000000e+00,-1.06037765e-03,3.54973858e-01,5.60731873e-02,1.00192268e+02,5.06763376e+00,1.03471240e+05,-1.87525675e-01
1.82000000e+00,6.87600000e+03,1.85000000e+00,-1.06100956e-03,3.54973858e-01,5.60731873e-02,1.00192268e+02,5.06763376e+00,1.03471240e+05,-1.87525675e-01
1.83000000e+00,6.87600000e+03,1.85000000e+00,-1.06164018e-03,3.54973858e-01,5.60731873e-02,1.00192268e+02,5.06763376e+00,1.03471240e+05,-1.87525675e-01
1.84000000e+00,6.87600000e+03,1.85000000e+00,-1.06226965e-03,3.54973858e-01,5.60731873e-02,1.00192268e+02,5.06763376e+00,1.03471240e+05,-1.87525675e-01
1.85000000e+00,6.87600000e+03,1.85000000e+00,-1.06289811e-03,3.54973858e-01,5.60731873e-02,1.00192268e+02,5.06763376e+00,1.03471240e+05,-1.87525675e-01
