vSweep,run_num,vd,id,vth0,u0,rdsw,nfactor,vsat,eta0
0.00000000e+00,8.44000000e+02,1.85000000e+00,-1.85137520e-12,4.05537509e-01,6.91248985e-02,1.05403098e+02,8.86679194e+00,1.28282986e+05,-1.99227427e-01
1.00000000e-02,8.44000000e+02,1.85000000e+00,-1.85137520e-12,4.05537509e-01,6.91248985e-02,1.05403098e+02,8.86679194e+00,1.28282986e+05,-1.99227427e-01
2.00000000e-02,8.44000000e+02,1.85000000e+00,-1.85137520e-12,4.05537509e-01,6.91248985e-02,1.05403098e+02,8.86679194e+00,1.28282986e+05,-1.99227427e-01
3.00000000e-02,8.44000000e+02,1.85000000e+00,-1.85137520e-12,4.05537509e-01,6.91248985e-02,1.05403098e+02,8.86679194e+00,1.28282986e+05,-1.99227427e-01
4.00000000e-02,8.44000000e+02,1.85000000e+00,-1.85137520e-12,4.05537509e-01,6.91248985e-02,1.05403098e+02,8.86679194e+00,1.28282986e+05,-1.99227427e-01
5.00000000e-02,8.44000000e+02,1.85000000e+00,-1.85137521e-12,4.05537509e-01,6.91248985e-02,1.05403098e+02,8.86679194e+00,1.28282986e+05,-1.99227427e-01
6.00000000e-02,8.44000000e+02,1.85000000e+00,-1.85137521e-12,4.05537509e-01,6.91248985e-02,1.05403098e+02,8.86679194e+00,1.28282986e+05,-1.99227427e-01
7.00000000e-02,8.44000000e+02,1.85000000e+00,-1.85137522e-12,4.05537509e-01,6.91248985e-02,1.05403098e+02,8.86679194e+00,1.28282986e+05,-1.99227427e-01
8.00000000e-02,8.44000000e+02,1.85000000e+00,-1.85137524e-12,4.05537509e-01,6.91248985e-02,1.05403098e+02,8.86679194e+00,1.28282986e+05,-1.99227427e-01
9.00000000e-02,8.44000000e+02,1.85000000e+00,-1.85137527e-12,4.05537509e-01,6.91248985e-02,1.05403098e+02,8.86679194e+00,1.28282986e+05,-1.99227427e-01
1.00000000e-01,8.44000000e+02,1.85000000e+00,-1.85137532e-12,4.05537509e-01,6.91248985e-02,1.05403098e+02,8.86679194e+00,1.28282986e+05,-1.99227427e-01
1.10000000e-01,8.44000000e+02,1.85000000e+00,-1.85137541e-12,4.05537509e-01,6.91248985e-02,1.05403098e+02,8.86679194e+00,1.28282986e+05,-1.99227427e-01
1.20000000e-01,8.44000000e+02,1.85000000e+00,-1.85137556e-12,4.05537509e-01,6.91248985e-02,1.05403098e+02,8.86679194e+00,1.28282986e+05,-1.99227427e-01
1.30000000e-01,8.44000000e+02,1.85000000e+00,-1.85137582e-12,4.05537509e-01,6.91248985e-02,1.05403098e+02,8.86679194e+00,1.28282986e+05,-1.99227427e-01
1.40000000e-01,8.44000000e+02,1.85000000e+00,-1.85137627e-12,4.05537509e-01,6.91248985e-02,1.05403098e+02,8.86679194e+00,1.28282986e+05,-1.99227427e-01
1.50000000e-01,8.44000000e+02,1.85000000e+00,-1.85137704e-12,4.05537509e-01,6.91248985e-02,1.05403098e+02,8.86679194e+00,1.28282986e+05,-1.99227427e-01
1.60000000e-01,8.44000000e+02,1.85000000e+00,-1.85137837e-12,4.05537509e-01,6.91248985e-02,1.05403098e+02,8.86679194e+00,1.28282986e+05,-1.99227427e-01
1.70000000e-01,8.44000000e+02,1.85000000e+00,-1.85138067e-12,4.05537509e-01,6.91248985e-02,1.05403098e+02,8.86679194e+00,1.28282986e+05,-1.99227427e-01
1.80000000e-01,8.44000000e+02,1.85000000e+00,-1.85138464e-12,4.05537509e-01,6.91248985e-02,1.05403098e+02,8.86679194e+00,1.28282986e+05,-1.99227427e-01
1.90000000e-01,8.44000000e+02,1.85000000e+00,-1.85139147e-12,4.05537509e-01,6.91248985e-02,1.05403098e+02,8.86679194e+00,1.28282986e+05,-1.99227427e-01
2.00000000e-01,8.44000000e+02,1.85000000e+00,-1.85140324e-12,4.05537509e-01,6.91248985e-02,1.05403098e+02,8.86679194e+00,1.28282986e+05,-1.99227427e-01
2.10000000e-01,8.44000000e+02,1.85000000e+00,-1.85142355e-12,4.05537509e-01,6.91248985e-02,1.05403098e+02,8.86679194e+00,1.28282986e+05,-1.99227427e-01
2.20000000e-01,8.44000000e+02,1.85000000e+00,-1.85145855e-12,4.05537509e-01,6.91248985e-02,1.05403098e+02,8.86679194e+00,1.28282986e+05,-1.99227427e-01
2.30000000e-01,8.44000000e+02,1.85000000e+00,-1.85151889e-12,4.05537509e-01,6.91248985e-02,1.05403098e+02,8.86679194e+00,1.28282986e+05,-1.99227427e-01
2.40000000e-01,8.44000000e+02,1.85000000e+00,-1.85162291e-12,4.05537509e-01,6.91248985e-02,1.05403098e+02,8.86679194e+00,1.28282986e+05,-1.99227427e-01
2.50000000e-01,8.44000000e+02,1.85000000e+00,-1.85180225e-12,4.05537509e-01,6.91248985e-02,1.05403098e+02,8.86679194e+00,1.28282986e+05,-1.99227427e-01
2.60000000e-01,8.44000000e+02,1.85000000e+00,-1.85211141e-12,4.05537509e-01,6.91248985e-02,1.05403098e+02,8.86679194e+00,1.28282986e+05,-1.99227427e-01
2.70000000e-01,8.44000000e+02,1.85000000e+00,-1.85264438e-12,4.05537509e-01,6.91248985e-02,1.05403098e+02,8.86679194e+00,1.28282986e+05,-1.99227427e-01
2.80000000e-01,8.44000000e+02,1.85000000e+00,-1.85356319e-12,4.05537509e-01,6.91248985e-02,1.05403098e+02,8.86679194e+00,1.28282986e+05,-1.99227427e-01
2.90000000e-01,8.44000000e+02,1.85000000e+00,-1.85514717e-12,4.05537509e-01,6.91248985e-02,1.05403098e+02,8.86679194e+00,1.28282986e+05,-1.99227427e-01
3.00000000e-01,8.44000000e+02,1.85000000e+00,-1.85787782e-12,4.05537509e-01,6.91248985e-02,1.05403098e+02,8.86679194e+00,1.28282986e+05,-1.99227427e-01
3.10000000e-01,8.44000000e+02,1.85000000e+00,-1.86258522e-12,4.05537509e-01,6.91248985e-02,1.05403098e+02,8.86679194e+00,1.28282986e+05,-1.99227427e-01
3.20000000e-01,8.44000000e+02,1.85000000e+00,-1.87070031e-12,4.05537509e-01,6.91248985e-02,1.05403098e+02,8.86679194e+00,1.28282986e+05,-1.99227427e-01
3.30000000e-01,8.44000000e+02,1.85000000e+00,-1.88468975e-12,4.05537509e-01,6.91248985e-02,1.05403098e+02,8.86679194e+00,1.28282986e+05,-1.99227427e-01
3.40000000e-01,8.44000000e+02,1.85000000e+00,-1.90880552e-12,4.05537509e-01,6.91248985e-02,1.05403098e+02,8.86679194e+00,1.28282986e+05,-1.99227427e-01
3.50000000e-01,8.44000000e+02,1.85000000e+00,-1.95037683e-12,4.05537509e-01,6.91248985e-02,1.05403098e+02,8.86679194e+00,1.28282986e+05,-1.99227427e-01
3.60000000e-01,8.44000000e+02,1.85000000e+00,-2.02203664e-12,4.05537509e-01,6.91248985e-02,1.05403098e+02,8.86679194e+00,1.28282986e+05,-1.99227427e-01
3.70000000e-01,8.44000000e+02,1.85000000e+00,-2.14555841e-12,4.05537509e-01,6.91248985e-02,1.05403098e+02,8.86679194e+00,1.28282986e+05,-1.99227427e-01
3.80000000e-01,8.44000000e+02,1.85000000e+00,-2.35846686e-12,4.05537509e-01,6.91248985e-02,1.05403098e+02,8.86679194e+00,1.28282986e+05,-1.99227427e-01
3.90000000e-01,8.44000000e+02,1.85000000e+00,-2.72542628e-12,4.05537509e-01,6.91248985e-02,1.05403098e+02,8.86679194e+00,1.28282986e+05,-1.99227427e-01
4.00000000e-01,8.44000000e+02,1.85000000e+00,-3.35785473e-12,4.05537509e-01,6.91248985e-02,1.05403098e+02,8.86679194e+00,1.28282986e+05,-1.99227427e-01
4.10000000e-01,8.44000000e+02,1.85000000e+00,-4.44769545e-12,4.05537509e-01,6.91248985e-02,1.05403098e+02,8.86679194e+00,1.28282986e+05,-1.99227427e-01
4.20000000e-01,8.44000000e+02,1.85000000e+00,-6.32554127e-12,4.05537509e-01,6.91248985e-02,1.05403098e+02,8.86679194e+00,1.28282986e+05,-1.99227427e-01
4.30000000e-01,8.44000000e+02,1.85000000e+00,-9.56062147e-12,4.05537509e-01,6.91248985e-02,1.05403098e+02,8.86679194e+00,1.28282986e+05,-1.99227427e-01
4.40000000e-01,8.44000000e+02,1.85000000e+00,-1.51326853e-11,4.05537509e-01,6.91248985e-02,1.05403098e+02,8.86679194e+00,1.28282986e+05,-1.99227427e-01
4.50000000e-01,8.44000000e+02,1.85000000e+00,-2.47272176e-11,4.05537509e-01,6.91248985e-02,1.05403098e+02,8.86679194e+00,1.28282986e+05,-1.99227427e-01
4.60000000e-01,8.44000000e+02,1.85000000e+00,-4.12418946e-11,4.05537509e-01,6.91248985e-02,1.05403098e+02,8.86679194e+00,1.28282986e+05,-1.99227427e-01
4.70000000e-01,8.44000000e+02,1.85000000e+00,-6.96541092e-11,4.05537509e-01,6.91248985e-02,1.05403098e+02,8.86679194e+00,1.28282986e+05,-1.99227427e-01
4.80000000e-01,8.44000000e+02,1.85000000e+00,-1.18504037e-10,4.05537509e-01,6.91248985e-02,1.05403098e+02,8.86679194e+00,1.28282986e+05,-1.99227427e-01
4.90000000e-01,8.44000000e+02,1.85000000e+00,-2.02423420e-10,4.05537509e-01,6.91248985e-02,1.05403098e+02,8.86679194e+00,1.28282986e+05,-1.99227427e-01
5.00000000e-01,8.44000000e+02,1.85000000e+00,-3.46432843e-10,4.05537509e-01,6.91248985e-02,1.05403098e+02,8.86679194e+00,1.28282986e+05,-1.99227427e-01
5.10000000e-01,8.44000000e+02,1.85000000e+00,-5.93212229e-10,4.05537509e-01,6.91248985e-02,1.05403098e+02,8.86679194e+00,1.28282986e+05,-1.99227427e-01
5.20000000e-01,8.44000000e+02,1.85000000e+00,-1.01533171e-09,4.05537509e-01,6.91248985e-02,1.05403098e+02,8.86679194e+00,1.28282986e+05,-1.99227427e-01
5.30000000e-01,8.44000000e+02,1.85000000e+00,-1.73567611e-09,4.05537509e-01,6.91248985e-02,1.05403098e+02,8.86679194e+00,1.28282986e+05,-1.99227427e-01
5.40000000e-01,8.44000000e+02,1.85000000e+00,-2.96123098e-09,4.05537509e-01,6.91248985e-02,1.05403098e+02,8.86679194e+00,1.28282986e+05,-1.99227427e-01
5.50000000e-01,8.44000000e+02,1.85000000e+00,-5.03830194e-09,4.05537509e-01,6.91248985e-02,1.05403098e+02,8.86679194e+00,1.28282986e+05,-1.99227427e-01
5.60000000e-01,8.44000000e+02,1.85000000e+00,-8.54140450e-09,4.05537509e-01,6.91248985e-02,1.05403098e+02,8.86679194e+00,1.28282986e+05,-1.99227427e-01
5.70000000e-01,8.44000000e+02,1.85000000e+00,-1.44136860e-08,4.05537509e-01,6.91248985e-02,1.05403098e+02,8.86679194e+00,1.28282986e+05,-1.99227427e-01
5.80000000e-01,8.44000000e+02,1.85000000e+00,-2.41837465e-08,4.05537509e-01,6.91248985e-02,1.05403098e+02,8.86679194e+00,1.28282986e+05,-1.99227427e-01
5.90000000e-01,8.44000000e+02,1.85000000e+00,-4.02915793e-08,4.05537509e-01,6.91248985e-02,1.05403098e+02,8.86679194e+00,1.28282986e+05,-1.99227427e-01
6.00000000e-01,8.44000000e+02,1.85000000e+00,-6.65641304e-08,4.05537509e-01,6.91248985e-02,1.05403098e+02,8.86679194e+00,1.28282986e+05,-1.99227427e-01
6.10000000e-01,8.44000000e+02,1.85000000e+00,-1.08888044e-07,4.05537509e-01,6.91248985e-02,1.05403098e+02,8.86679194e+00,1.28282986e+05,-1.99227427e-01
6.20000000e-01,8.44000000e+02,1.85000000e+00,-1.76134323e-07,4.05537509e-01,6.91248985e-02,1.05403098e+02,8.86679194e+00,1.28282986e+05,-1.99227427e-01
6.30000000e-01,8.44000000e+02,1.85000000e+00,-2.81398589e-07,4.05537509e-01,6.91248985e-02,1.05403098e+02,8.86679194e+00,1.28282986e+05,-1.99227427e-01
6.40000000e-01,8.44000000e+02,1.85000000e+00,-4.43626302e-07,4.05537509e-01,6.91248985e-02,1.05403098e+02,8.86679194e+00,1.28282986e+05,-1.99227427e-01
6.50000000e-01,8.44000000e+02,1.85000000e+00,-6.89663344e-07,4.05537509e-01,6.91248985e-02,1.05403098e+02,8.86679194e+00,1.28282986e+05,-1.99227427e-01
6.60000000e-01,8.44000000e+02,1.85000000e+00,-1.05663473e-06,4.05537509e-01,6.91248985e-02,1.05403098e+02,8.86679194e+00,1.28282986e+05,-1.99227427e-01
6.70000000e-01,8.44000000e+02,1.85000000e+00,-1.59422249e-06,4.05537509e-01,6.91248985e-02,1.05403098e+02,8.86679194e+00,1.28282986e+05,-1.99227427e-01
6.80000000e-01,8.44000000e+02,1.85000000e+00,-2.36591463e-06,4.05537509e-01,6.91248985e-02,1.05403098e+02,8.86679194e+00,1.28282986e+05,-1.99227427e-01
6.90000000e-01,8.44000000e+02,1.85000000e+00,-3.44791065e-06,4.05537509e-01,6.91248985e-02,1.05403098e+02,8.86679194e+00,1.28282986e+05,-1.99227427e-01
7.00000000e-01,8.44000000e+02,1.85000000e+00,-4.92456986e-06,4.05537509e-01,6.91248985e-02,1.05403098e+02,8.86679194e+00,1.28282986e+05,-1.99227427e-01
7.10000000e-01,8.44000000e+02,1.85000000e+00,-6.88035614e-06,4.05537509e-01,6.91248985e-02,1.05403098e+02,8.86679194e+00,1.28282986e+05,-1.99227427e-01
7.20000000e-01,8.44000000e+02,1.85000000e+00,-9.38981058e-06,4.05537509e-01,6.91248985e-02,1.05403098e+02,8.86679194e+00,1.28282986e+05,-1.99227427e-01
7.30000000e-01,8.44000000e+02,1.85000000e+00,-1.25082471e-05,4.05537509e-01,6.91248985e-02,1.05403098e+02,8.86679194e+00,1.28282986e+05,-1.99227427e-01
7.40000000e-01,8.44000000e+02,1.85000000e+00,-1.62658027e-05,4.05537509e-01,6.91248985e-02,1.05403098e+02,8.86679194e+00,1.28282986e+05,-1.99227427e-01
7.50000000e-01,8.44000000e+02,1.85000000e+00,-2.06661858e-05,4.05537509e-01,6.91248985e-02,1.05403098e+02,8.86679194e+00,1.28282986e+05,-1.99227427e-01
7.60000000e-01,8.44000000e+02,1.85000000e+00,-2.56897552e-05,4.05537509e-01,6.91248985e-02,1.05403098e+02,8.86679194e+00,1.28282986e+05,-1.99227427e-01
7.70000000e-01,8.44000000e+02,1.85000000e+00,-3.12993422e-05,4.05537509e-01,6.91248985e-02,1.05403098e+02,8.86679194e+00,1.28282986e+05,-1.99227427e-01
7.80000000e-01,8.44000000e+02,1.85000000e+00,-3.74469257e-05,4.05537509e-01,6.91248985e-02,1.05403098e+02,8.86679194e+00,1.28282986e+05,-1.99227427e-01
7.90000000e-01,8.44000000e+02,1.85000000e+00,-4.40796811e-05,4.05537509e-01,6.91248985e-02,1.05403098e+02,8.86679194e+00,1.28282986e+05,-1.99227427e-01
8.00000000e-01,8.44000000e+02,1.85000000e+00,-5.11446219e-05,4.05537509e-01,6.91248985e-02,1.05403098e+02,8.86679194e+00,1.28282986e+05,-1.99227427e-01
8.10000000e-01,8.44000000e+02,1.85000000e+00,-5.85916605e-05,4.05537509e-01,6.91248985e-02,1.05403098e+02,8.86679194e+00,1.28282986e+05,-1.99227427e-01
8.20000000e-01,8.44000000e+02,1.85000000e+00,-6.63752940e-05,4.05537509e-01,6.91248985e-02,1.05403098e+02,8.86679194e+00,1.28282986e+05,-1.99227427e-01
8.30000000e-01,8.44000000e+02,1.85000000e+00,-7.44552664e-05,4.05537509e-01,6.91248985e-02,1.05403098e+02,8.86679194e+00,1.28282986e+05,-1.99227427e-01
8.40000000e-01,8.44000000e+02,1.85000000e+00,-8.27965646e-05,4.05537509e-01,6.91248985e-02,1.05403098e+02,8.86679194e+00,1.28282986e+05,-1.99227427e-01
8.50000000e-01,8.44000000e+02,1.85000000e+00,-9.13690343e-05,4.05537509e-01,6.91248985e-02,1.05403098e+02,8.86679194e+00,1.28282986e+05,-1.99227427e-01
8.60000000e-01,8.44000000e+02,1.85000000e+00,-1.00146821e-04,4.05537509e-01,6.91248985e-02,1.05403098e+02,8.86679194e+00,1.28282986e+05,-1.99227427e-01
8.70000000e-01,8.44000000e+02,1.85000000e+00,-1.09107764e-04,4.05537509e-01,6.91248985e-02,1.05403098e+02,8.86679194e+00,1.28282986e+05,-1.99227427e-01
8.80000000e-01,8.44000000e+02,1.85000000e+00,-1.18232821e-04,4.05537509e-01,6.91248985e-02,1.05403098e+02,8.86679194e+00,1.28282986e+05,-1.99227427e-01
8.90000000e-01,8.44000000e+02,1.85000000e+00,-1.27505547e-04,4.05537509e-01,6.91248985e-02,1.05403098e+02,8.86679194e+00,1.28282986e+05,-1.99227427e-01
9.00000000e-01,8.44000000e+02,1.85000000e+00,-1.36911659e-04,4.05537509e-01,6.91248985e-02,1.05403098e+02,8.86679194e+00,1.28282986e+05,-1.99227427e-01
9.10000000e-01,8.44000000e+02,1.85000000e+00,-1.46438667e-04,4.05537509e-01,6.91248985e-02,1.05403098e+02,8.86679194e+00,1.28282986e+05,-1.99227427e-01
9.20000000e-01,8.44000000e+02,1.85000000e+00,-1.56075573e-04,4.05537509e-01,6.91248985e-02,1.05403098e+02,8.86679194e+00,1.28282986e+05,-1.99227427e-01
9.30000000e-01,8.44000000e+02,1.85000000e+00,-1.65812629e-04,4.05537509e-01,6.91248985e-02,1.05403098e+02,8.86679194e+00,1.28282986e+05,-1.99227427e-01
9.40000000e-01,8.44000000e+02,1.85000000e+00,-1.75641139e-04,4.05537509e-01,6.91248985e-02,1.05403098e+02,8.86679194e+00,1.28282986e+05,-1.99227427e-01
9.50000000e-01,8.44000000e+02,1.85000000e+00,-1.85553307e-04,4.05537509e-01,6.91248985e-02,1.05403098e+02,8.86679194e+00,1.28282986e+05,-1.99227427e-01
9.60000000e-01,8.44000000e+02,1.85000000e+00,-1.95542101e-04,4.05537509e-01,6.91248985e-02,1.05403098e+02,8.86679194e+00,1.28282986e+05,-1.99227427e-01
9.70000000e-01,8.44000000e+02,1.85000000e+00,-2.05601155e-04,4.05537509e-01,6.91248985e-02,1.05403098e+02,8.86679194e+00,1.28282986e+05,-1.99227427e-01
9.80000000e-01,8.44000000e+02,1.85000000e+00,-2.15724684e-04,4.05537509e-01,6.91248985e-02,1.05403098e+02,8.86679194e+00,1.28282986e+05,-1.99227427e-01
9.90000000e-01,8.44000000e+02,1.85000000e+00,-2.25907414e-04,4.05537509e-01,6.91248985e-02,1.05403098e+02,8.86679194e+00,1.28282986e+05,-1.99227427e-01
1.00000000e+00,8.44000000e+02,1.85000000e+00,-2.36144524e-04,4.05537509e-01,6.91248985e-02,1.05403098e+02,8.86679194e+00,1.28282986e+05,-1.99227427e-01
1.01000000e+00,8.44000000e+02,1.85000000e+00,-2.46431597e-04,4.05537509e-01,6.91248985e-02,1.05403098e+02,8.86679194e+00,1.28282986e+05,-1.99227427e-01
1.02000000e+00,8.44000000e+02,1.85000000e+00,-2.56764577e-04,4.05537509e-01,6.91248985e-02,1.05403098e+02,8.86679194e+00,1.28282986e+05,-1.99227427e-01
1.03000000e+00,8.44000000e+02,1.85000000e+00,-2.67139733e-04,4.05537509e-01,6.91248985e-02,1.05403098e+02,8.86679194e+00,1.28282986e+05,-1.99227427e-01
1.04000000e+00,8.44000000e+02,1.85000000e+00,-2.77553628e-04,4.05537509e-01,6.91248985e-02,1.05403098e+02,8.86679194e+00,1.28282986e+05,-1.99227427e-01
1.05000000e+00,8.44000000e+02,1.85000000e+00,-2.88003092e-04,4.05537509e-01,6.91248985e-02,1.05403098e+02,8.86679194e+00,1.28282986e+05,-1.99227427e-01
1.06000000e+00,8.44000000e+02,1.85000000e+00,-2.98485198e-04,4.05537509e-01,6.91248985e-02,1.05403098e+02,8.86679194e+00,1.28282986e+05,-1.99227427e-01
1.07000000e+00,8.44000000e+02,1.85000000e+00,-3.08997238e-04,4.05537509e-01,6.91248985e-02,1.05403098e+02,8.86679194e+00,1.28282986e+05,-1.99227427e-01
1.08000000e+00,8.44000000e+02,1.85000000e+00,-3.19536706e-04,4.05537509e-01,6.91248985e-02,1.05403098e+02,8.86679194e+00,1.28282986e+05,-1.99227427e-01
1.09000000e+00,8.44000000e+02,1.85000000e+00,-3.30101283e-04,4.05537509e-01,6.91248985e-02,1.05403098e+02,8.86679194e+00,1.28282986e+05,-1.99227427e-01
1.10000000e+00,8.44000000e+02,1.85000000e+00,-3.40688816e-04,4.05537509e-01,6.91248985e-02,1.05403098e+02,8.86679194e+00,1.28282986e+05,-1.99227427e-01
1.11000000e+00,8.44000000e+02,1.85000000e+00,-3.51297307e-04,4.05537509e-01,6.91248985e-02,1.05403098e+02,8.86679194e+00,1.28282986e+05,-1.99227427e-01
1.12000000e+00,8.44000000e+02,1.85000000e+00,-3.61924903e-04,4.05537509e-01,6.91248985e-02,1.05403098e+02,8.86679194e+00,1.28282986e+05,-1.99227427e-01
1.13000000e+00,8.44000000e+02,1.85000000e+00,-3.72569878e-04,4.05537509e-01,6.91248985e-02,1.05403098e+02,8.86679194e+00,1.28282986e+05,-1.99227427e-01
1.14000000e+00,8.44000000e+02,1.85000000e+00,-3.83230629e-04,4.05537509e-01,6.91248985e-02,1.05403098e+02,8.86679194e+00,1.28282986e+05,-1.99227427e-01
1.15000000e+00,8.44000000e+02,1.85000000e+00,-3.93905662e-04,4.05537509e-01,6.91248985e-02,1.05403098e+02,8.86679194e+00,1.28282986e+05,-1.99227427e-01
1.16000000e+00,8.44000000e+02,1.85000000e+00,-4.04593587e-04,4.05537509e-01,6.91248985e-02,1.05403098e+02,8.86679194e+00,1.28282986e+05,-1.99227427e-01
1.17000000e+00,8.44000000e+02,1.85000000e+00,-4.15293107e-04,4.05537509e-01,6.91248985e-02,1.05403098e+02,8.86679194e+00,1.28282986e+05,-1.99227427e-01
1.18000000e+00,8.44000000e+02,1.85000000e+00,-4.26003013e-04,4.05537509e-01,6.91248985e-02,1.05403098e+02,8.86679194e+00,1.28282986e+05,-1.99227427e-01
1.19000000e+00,8.44000000e+02,1.85000000e+00,-4.36722174e-04,4.05537509e-01,6.91248985e-02,1.05403098e+02,8.86679194e+00,1.28282986e+05,-1.99227427e-01
1.20000000e+00,8.44000000e+02,1.85000000e+00,-4.47449537e-04,4.05537509e-01,6.91248985e-02,1.05403098e+02,8.86679194e+00,1.28282986e+05,-1.99227427e-01
1.21000000e+00,8.44000000e+02,1.85000000e+00,-4.58184115e-04,4.05537509e-01,6.91248985e-02,1.05403098e+02,8.86679194e+00,1.28282986e+05,-1.99227427e-01
1.22000000e+00,8.44000000e+02,1.85000000e+00,-4.68924986e-04,4.05537509e-01,6.91248985e-02,1.05403098e+02,8.86679194e+00,1.28282986e+05,-1.99227427e-01
1.23000000e+00,8.44000000e+02,1.85000000e+00,-4.79671288e-04,4.05537509e-01,6.91248985e-02,1.05403098e+02,8.86679194e+00,1.28282986e+05,-1.99227427e-01
1.24000000e+00,8.44000000e+02,1.85000000e+00,-4.90422214e-04,4.05537509e-01,6.91248985e-02,1.05403098e+02,8.86679194e+00,1.28282986e+05,-1.99227427e-01
1.25000000e+00,8.44000000e+02,1.85000000e+00,-5.01177007e-04,4.05537509e-01,6.91248985e-02,1.05403098e+02,8.86679194e+00,1.28282986e+05,-1.99227427e-01
1.26000000e+00,8.44000000e+02,1.85000000e+00,-5.11934957e-04,4.05537509e-01,6.91248985e-02,1.05403098e+02,8.86679194e+00,1.28282986e+05,-1.99227427e-01
1.27000000e+00,8.44000000e+02,1.85000000e+00,-5.22695400e-04,4.05537509e-01,6.91248985e-02,1.05403098e+02,8.86679194e+00,1.28282986e+05,-1.99227427e-01
1.28000000e+00,8.44000000e+02,1.85000000e+00,-5.33457713e-04,4.05537509e-01,6.91248985e-02,1.05403098e+02,8.86679194e+00,1.28282986e+05,-1.99227427e-01
1.29000000e+00,8.44000000e+02,1.85000000e+00,-5.44221311e-04,4.05537509e-01,6.91248985e-02,1.05403098e+02,8.86679194e+00,1.28282986e+05,-1.99227427e-01
1.30000000e+00,8.44000000e+02,1.85000000e+00,-5.54985645e-04,4.05537509e-01,6.91248985e-02,1.05403098e+02,8.86679194e+00,1.28282986e+05,-1.99227427e-01
1.31000000e+00,8.44000000e+02,1.85000000e+00,-5.65750198e-04,4.05537509e-01,6.91248985e-02,1.05403098e+02,8.86679194e+00,1.28282986e+05,-1.99227427e-01
1.32000000e+00,8.44000000e+02,1.85000000e+00,-5.76514486e-04,4.05537509e-01,6.91248985e-02,1.05403098e+02,8.86679194e+00,1.28282986e+05,-1.99227427e-01
1.33000000e+00,8.44000000e+02,1.85000000e+00,-5.87278054e-04,4.05537509e-01,6.91248985e-02,1.05403098e+02,8.86679194e+00,1.28282986e+05,-1.99227427e-01
1.34000000e+00,8.44000000e+02,1.85000000e+00,-5.98040474e-04,4.05537509e-01,6.91248985e-02,1.05403098e+02,8.86679194e+00,1.28282986e+05,-1.99227427e-01
1.35000000e+00,8.44000000e+02,1.85000000e+00,-6.08801344e-04,4.05537509e-01,6.91248985e-02,1.05403098e+02,8.86679194e+00,1.28282986e+05,-1.99227427e-01
1.36000000e+00,8.44000000e+02,1.85000000e+00,-6.19560285e-04,4.05537509e-01,6.91248985e-02,1.05403098e+02,8.86679194e+00,1.28282986e+05,-1.99227427e-01
1.37000000e+00,8.44000000e+02,1.85000000e+00,-6.30316941e-04,4.05537509e-01,6.91248985e-02,1.05403098e+02,8.86679194e+00,1.28282986e+05,-1.99227427e-01
1.38000000e+00,8.44000000e+02,1.85000000e+00,-6.41070978e-04,4.05537509e-01,6.91248985e-02,1.05403098e+02,8.86679194e+00,1.28282986e+05,-1.99227427e-01
1.39000000e+00,8.44000000e+02,1.85000000e+00,-6.51822079e-04,4.05537509e-01,6.91248985e-02,1.05403098e+02,8.86679194e+00,1.28282986e+05,-1.99227427e-01
1.40000000e+00,8.44000000e+02,1.85000000e+00,-6.62569949e-04,4.05537509e-01,6.91248985e-02,1.05403098e+02,8.86679194e+00,1.28282986e+05,-1.99227427e-01
1.41000000e+00,8.44000000e+02,1.85000000e+00,-6.73314309e-04,4.05537509e-01,6.91248985e-02,1.05403098e+02,8.86679194e+00,1.28282986e+05,-1.99227427e-01
1.42000000e+00,8.44000000e+02,1.85000000e+00,-6.84054895e-04,4.05537509e-01,6.91248985e-02,1.05403098e+02,8.86679194e+00,1.28282986e+05,-1.99227427e-01
1.43000000e+00,8.44000000e+02,1.85000000e+00,-6.94791460e-04,4.05537509e-01,6.91248985e-02,1.05403098e+02,8.86679194e+00,1.28282986e+05,-1.99227427e-01
1.44000000e+00,8.44000000e+02,1.85000000e+00,-7.05523772e-04,4.05537509e-01,6.91248985e-02,1.05403098e+02,8.86679194e+00,1.28282986e+05,-1.99227427e-01
1.45000000e+00,8.44000000e+02,1.85000000e+00,-7.16251610e-04,4.05537509e-01,6.91248985e-02,1.05403098e+02,8.86679194e+00,1.28282986e+05,-1.99227427e-01
1.46000000e+00,8.44000000e+02,1.85000000e+00,-7.26974769e-04,4.05537509e-01,6.91248985e-02,1.05403098e+02,8.86679194e+00,1.28282986e+05,-1.99227427e-01
1.47000000e+00,8.44000000e+02,1.85000000e+00,-7.37693053e-04,4.05537509e-01,6.91248985e-02,1.05403098e+02,8.86679194e+00,1.28282986e+05,-1.99227427e-01
1.48000000e+00,8.44000000e+02,1.85000000e+00,-7.48406280e-04,4.05537509e-01,6.91248985e-02,1.05403098e+02,8.86679194e+00,1.28282986e+05,-1.99227427e-01
1.49000000e+00,8.44000000e+02,1.85000000e+00,-7.59114277e-04,4.05537509e-01,6.91248985e-02,1.05403098e+02,8.86679194e+00,1.28282986e+05,-1.99227427e-01
1.50000000e+00,8.44000000e+02,1.85000000e+00,-7.69816882e-04,4.05537509e-01,6.91248985e-02,1.05403098e+02,8.86679194e+00,1.28282986e+05,-1.99227427e-01
1.51000000e+00,8.44000000e+02,1.85000000e+00,-7.80513942e-04,4.05537509e-01,6.91248985e-02,1.05403098e+02,8.86679194e+00,1.28282986e+05,-1.99227427e-01
1.52000000e+00,8.44000000e+02,1.85000000e+00,-7.91205313e-04,4.05537509e-01,6.91248985e-02,1.05403098e+02,8.86679194e+00,1.28282986e+05,-1.99227427e-01
1.53000000e+00,8.44000000e+02,1.85000000e+00,-8.01890859e-04,4.05537509e-01,6.91248985e-02,1.05403098e+02,8.86679194e+00,1.28282986e+05,-1.99227427e-01
1.54000000e+00,8.44000000e+02,1.85000000e+00,-8.12570454e-04,4.05537509e-01,6.91248985e-02,1.05403098e+02,8.86679194e+00,1.28282986e+05,-1.99227427e-01
1.55000000e+00,8.44000000e+02,1.85000000e+00,-8.23243977e-04,4.05537509e-01,6.91248985e-02,1.05403098e+02,8.86679194e+00,1.28282986e+05,-1.99227427e-01
1.56000000e+00,8.44000000e+02,1.85000000e+00,-8.33911315e-04,4.05537509e-01,6.91248985e-02,1.05403098e+02,8.86679194e+00,1.28282986e+05,-1.99227427e-01
1.57000000e+00,8.44000000e+02,1.85000000e+00,-8.44572363e-04,4.05537509e-01,6.91248985e-02,1.05403098e+02,8.86679194e+00,1.28282986e+05,-1.99227427e-01
1.58000000e+00,8.44000000e+02,1.85000000e+00,-8.55227019e-04,4.05537509e-01,6.91248985e-02,1.05403098e+02,8.86679194e+00,1.28282986e+05,-1.99227427e-01
1.59000000e+00,8.44000000e+02,1.85000000e+00,-8.65875191e-04,4.05537509e-01,6.91248985e-02,1.05403098e+02,8.86679194e+00,1.28282986e+05,-1.99227427e-01
1.60000000e+00,8.44000000e+02,1.85000000e+00,-8.76516789e-04,4.05537509e-01,6.91248985e-02,1.05403098e+02,8.86679194e+00,1.28282986e+05,-1.99227427e-01
1.61000000e+00,8.44000000e+02,1.85000000e+00,-8.87151731e-04,4.05537509e-01,6.91248985e-02,1.05403098e+02,8.86679194e+00,1.28282986e+05,-1.99227427e-01
1.62000000e+00,8.44000000e+02,1.85000000e+00,-8.97779939e-04,4.05537509e-01,6.91248985e-02,1.05403098e+02,8.86679194e+00,1.28282986e+05,-1.99227427e-01
1.63000000e+00,8.44000000e+02,1.85000000e+00,-9.08401338e-04,4.05537509e-01,6.91248985e-02,1.05403098e+02,8.86679194e+00,1.28282986e+05,-1.99227427e-01
1.64000000e+00,8.44000000e+02,1.85000000e+00,-9.19015861e-04,4.05537509e-01,6.91248985e-02,1.05403098e+02,8.86679194e+00,1.28282986e+05,-1.99227427e-01
1.65000000e+00,8.44000000e+02,1.85000000e+00,-9.29623442e-04,4.05537509e-01,6.91248985e-02,1.05403098e+02,8.86679194e+00,1.28282986e+05,-1.99227427e-01
1.66000000e+00,8.44000000e+02,1.85000000e+00,-9.40224021e-04,4.05537509e-01,6.91248985e-02,1.05403098e+02,8.86679194e+00,1.28282986e+05,-1.99227427e-01
1.67000000e+00,8.44000000e+02,1.85000000e+00,-9.50817540e-04,4.05537509e-01,6.91248985e-02,1.05403098e+02,8.86679194e+00,1.28282986e+05,-1.99227427e-01
1.68000000e+00,8.44000000e+02,1.85000000e+00,-9.61403945e-04,4.05537509e-01,6.91248985e-02,1.05403098e+02,8.86679194e+00,1.28282986e+05,-1.99227427e-01
1.69000000e+00,8.44000000e+02,1.85000000e+00,-9.71983187e-04,4.05537509e-01,6.91248985e-02,1.05403098e+02,8.86679194e+00,1.28282986e+05,-1.99227427e-01
1.70000000e+00,8.44000000e+02,1.85000000e+00,-9.82555218e-04,4.05537509e-01,6.91248985e-02,1.05403098e+02,8.86679194e+00,1.28282986e+05,-1.99227427e-01
1.71000000e+00,8.44000000e+02,1.85000000e+00,-9.93119993e-04,4.05537509e-01,6.91248985e-02,1.05403098e+02,8.86679194e+00,1.28282986e+05,-1.99227427e-01
1.72000000e+00,8.44000000e+02,1.85000000e+00,-1.00367747e-03,4.05537509e-01,6.91248985e-02,1.05403098e+02,8.86679194e+00,1.28282986e+05,-1.99227427e-01
1.73000000e+00,8.44000000e+02,1.85000000e+00,-1.01422761e-03,4.05537509e-01,6.91248985e-02,1.05403098e+02,8.86679194e+00,1.28282986e+05,-1.99227427e-01
1.74000000e+00,8.44000000e+02,1.85000000e+00,-1.02477038e-03,4.05537509e-01,6.91248985e-02,1.05403098e+02,8.86679194e+00,1.28282986e+05,-1.99227427e-01
1.75000000e+00,8.44000000e+02,1.85000000e+00,-1.03530575e-03,4.05537509e-01,6.91248985e-02,1.05403098e+02,8.86679194e+00,1.28282986e+05,-1.99227427e-01
1.76000000e+00,8.44000000e+02,1.85000000e+00,-1.04583367e-03,4.05537509e-01,6.91248985e-02,1.05403098e+02,8.86679194e+00,1.28282986e+05,-1.99227427e-01
1.77000000e+00,8.44000000e+02,1.85000000e+00,-1.05635412e-03,4.05537509e-01,6.91248985e-02,1.05403098e+02,8.86679194e+00,1.28282986e+05,-1.99227427e-01
1.78000000e+00,8.44000000e+02,1.85000000e+00,-1.06686708e-03,4.05537509e-01,6.91248985e-02,1.05403098e+02,8.86679194e+00,1.28282986e+05,-1.99227427e-01
1.79000000e+00,8.44000000e+02,1.85000000e+00,-1.07737251e-03,4.05537509e-01,6.91248985e-02,1.05403098e+02,8.86679194e+00,1.28282986e+05,-1.99227427e-01
1.80000000e+00,8.44000000e+02,1.85000000e+00,-1.08787039e-03,4.05537509e-01,6.91248985e-02,1.05403098e+02,8.86679194e+00,1.28282986e+05,-1.99227427e-01
1.81000000e+00,8.44000000e+02,1.85000000e+00,-1.09836070e-03,4.05537509e-01,6.91248985e-02,1.05403098e+02,8.86679194e+00,1.28282986e+05,-1.99227427e-01
1.82000000e+00,8.44000000e+02,1.85000000e+00,-1.10884341e-03,4.05537509e-01,6.91248985e-02,1.05403098e+02,8.86679194e+00,1.28282986e+05,-1.99227427e-01
1.83000000e+00,8.44000000e+02,1.85000000e+00,-1.11931851e-03,4.05537509e-01,6.91248985e-02,1.05403098e+02,8.86679194e+00,1.28282986e+05,-1.99227427e-01
1.84000000e+00,8.44000000e+02,1.85000000e+00,-1.12978597e-03,4.05537509e-01,6.91248985e-02,1.05403098e+02,8.86679194e+00,1.28282986e+05,-1.99227427e-01
1.85000000e+00,8.44000000e+02,1.85000000e+00,-1.14024578e-03,4.05537509e-01,6.91248985e-02,1.05403098e+02,8.86679194e+00,1.28282986e+05,-1.99227427e-01
