vSweep,vd,vg,id,vth0_nom,u0_nom,rdsw_nom,nfactor_nom,vsat_nom,eta0_nom,delta_nom
1.00000000e-02,1.00000000e-02,1.48000000e+00,4.80985696e-05,1.24444729e+00,1.79115204e+00,8.80753736e-01,1.58690500e+00,3.22015340e+01,1.34454265e+00,5.41956719e+00
2.00000000e-02,2.00000000e-02,1.48000000e+00,9.56765430e-05,1.24444729e+00,1.79115204e+00,8.80753736e-01,1.58690500e+00,3.22015340e+01,1.34454265e+00,5.41956719e+00
3.00000000e-02,3.00000000e-02,1.48000000e+00,1.42732092e-04,1.24444729e+00,1.79115204e+00,8.80753736e-01,1.58690500e+00,3.22015340e+01,1.34454265e+00,5.41956719e+00
4.00000000e-02,4.00000000e-02,1.48000000e+00,1.89263376e-04,1.24444729e+00,1.79115204e+00,8.80753736e-01,1.58690500e+00,3.22015340e+01,1.34454265e+00,5.41956719e+00
5.00000000e-02,5.00000000e-02,1.48000000e+00,2.35268548e-04,1.24444729e+00,1.79115204e+00,8.80753736e-01,1.58690500e+00,3.22015340e+01,1.34454265e+00,5.41956719e+00
6.00000000e-02,6.00000000e-02,1.48000000e+00,2.80745745e-04,1.24444729e+00,1.79115204e+00,8.80753736e-01,1.58690500e+00,3.22015340e+01,1.34454265e+00,5.41956719e+00
7.00000000e-02,7.00000000e-02,1.48000000e+00,3.25693098e-04,1.24444729e+00,1.79115204e+00,8.80753736e-01,1.58690500e+00,3.22015340e+01,1.34454265e+00,5.41956719e+00
8.00000000e-02,8.00000000e-02,1.48000000e+00,3.70108729e-04,1.24444729e+00,1.79115204e+00,8.80753736e-01,1.58690500e+00,3.22015340e+01,1.34454265e+00,5.41956719e+00
9.00000000e-02,9.00000000e-02,1.48000000e+00,4.13990748e-04,1.24444729e+00,1.79115204e+00,8.80753736e-01,1.58690500e+00,3.22015340e+01,1.34454265e+00,5.41956719e+00
1.00000000e-01,1.00000000e-01,1.48000000e+00,4.57337262e-04,1.24444729e+00,1.79115204e+00,8.80753736e-01,1.58690500e+00,3.22015340e+01,1.34454265e+00,5.41956719e+00
1.10000000e-01,1.10000000e-01,1.48000000e+00,5.00146368e-04,1.24444729e+00,1.79115204e+00,8.80753736e-01,1.58690500e+00,3.22015340e+01,1.34454265e+00,5.41956719e+00
1.20000000e-01,1.20000000e-01,1.48000000e+00,5.42416159e-04,1.24444729e+00,1.79115204e+00,8.80753736e-01,1.58690500e+00,3.22015340e+01,1.34454265e+00,5.41956719e+00
1.30000000e-01,1.30000000e-01,1.48000000e+00,5.84144725e-04,1.24444729e+00,1.79115204e+00,8.80753736e-01,1.58690500e+00,3.22015340e+01,1.34454265e+00,5.41956719e+00
1.40000000e-01,1.40000000e-01,1.48000000e+00,6.25330153e-04,1.24444729e+00,1.79115204e+00,8.80753736e-01,1.58690500e+00,3.22015340e+01,1.34454265e+00,5.41956719e+00
1.50000000e-01,1.50000000e-01,1.48000000e+00,6.65970531e-04,1.24444729e+00,1.79115204e+00,8.80753736e-01,1.58690500e+00,3.22015340e+01,1.34454265e+00,5.41956719e+00
1.60000000e-01,1.60000000e-01,1.48000000e+00,7.06063949e-04,1.24444729e+00,1.79115204e+00,8.80753736e-01,1.58690500e+00,3.22015340e+01,1.34454265e+00,5.41956719e+00
1.70000000e-01,1.70000000e-01,1.48000000e+00,7.45608503e-04,1.24444729e+00,1.79115204e+00,8.80753736e-01,1.58690500e+00,3.22015340e+01,1.34454265e+00,5.41956719e+00
1.80000000e-01,1.80000000e-01,1.48000000e+00,7.84602299e-04,1.24444729e+00,1.79115204e+00,8.80753736e-01,1.58690500e+00,3.22015340e+01,1.34454265e+00,5.41956719e+00
1.90000000e-01,1.90000000e-01,1.48000000e+00,8.23043453e-04,1.24444729e+00,1.79115204e+00,8.80753736e-01,1.58690500e+00,3.22015340e+01,1.34454265e+00,5.41956719e+00
2.00000000e-01,2.00000000e-01,1.48000000e+00,8.60930101e-04,1.24444729e+00,1.79115204e+00,8.80753736e-01,1.58690500e+00,3.22015340e+01,1.34454265e+00,5.41956719e+00
2.10000000e-01,2.10000000e-01,1.48000000e+00,8.98260398e-04,1.24444729e+00,1.79115204e+00,8.80753736e-01,1.58690500e+00,3.22015340e+01,1.34454265e+00,5.41956719e+00
2.20000000e-01,2.20000000e-01,1.48000000e+00,9.35032530e-04,1.24444729e+00,1.79115204e+00,8.80753736e-01,1.58690500e+00,3.22015340e+01,1.34454265e+00,5.41956719e+00
2.30000000e-01,2.30000000e-01,1.48000000e+00,9.71244714e-04,1.24444729e+00,1.79115204e+00,8.80753736e-01,1.58690500e+00,3.22015340e+01,1.34454265e+00,5.41956719e+00
2.40000000e-01,2.40000000e-01,1.48000000e+00,1.00689521e-03,1.24444729e+00,1.79115204e+00,8.80753736e-01,1.58690500e+00,3.22015340e+01,1.34454265e+00,5.41956719e+00
2.50000000e-01,2.50000000e-01,1.48000000e+00,1.04198232e-03,1.24444729e+00,1.79115204e+00,8.80753736e-01,1.58690500e+00,3.22015340e+01,1.34454265e+00,5.41956719e+00
2.60000000e-01,2.60000000e-01,1.48000000e+00,1.07650442e-03,1.24444729e+00,1.79115204e+00,8.80753736e-01,1.58690500e+00,3.22015340e+01,1.34454265e+00,5.41956719e+00
2.70000000e-01,2.70000000e-01,1.48000000e+00,1.11045993e-03,1.24444729e+00,1.79115204e+00,8.80753736e-01,1.58690500e+00,3.22015340e+01,1.34454265e+00,5.41956719e+00
2.80000000e-01,2.80000000e-01,1.48000000e+00,1.14384737e-03,1.24444729e+00,1.79115204e+00,8.80753736e-01,1.58690500e+00,3.22015340e+01,1.34454265e+00,5.41956719e+00
2.90000000e-01,2.90000000e-01,1.48000000e+00,1.17666535e-03,1.24444729e+00,1.79115204e+00,8.80753736e-01,1.58690500e+00,3.22015340e+01,1.34454265e+00,5.41956719e+00
3.00000000e-01,3.00000000e-01,1.48000000e+00,1.20891257e-03,1.24444729e+00,1.79115204e+00,8.80753736e-01,1.58690500e+00,3.22015340e+01,1.34454265e+00,5.41956719e+00
3.10000000e-01,3.10000000e-01,1.48000000e+00,1.24058785e-03,1.24444729e+00,1.79115204e+00,8.80753736e-01,1.58690500e+00,3.22015340e+01,1.34454265e+00,5.41956719e+00
3.20000000e-01,3.20000000e-01,1.48000000e+00,1.27169016e-03,1.24444729e+00,1.79115204e+00,8.80753736e-01,1.58690500e+00,3.22015340e+01,1.34454265e+00,5.41956719e+00
3.30000000e-01,3.30000000e-01,1.48000000e+00,1.30221862e-03,1.24444729e+00,1.79115204e+00,8.80753736e-01,1.58690500e+00,3.22015340e+01,1.34454265e+00,5.41956719e+00
3.40000000e-01,3.40000000e-01,1.48000000e+00,1.33217251e-03,1.24444729e+00,1.79115204e+00,8.80753736e-01,1.58690500e+00,3.22015340e+01,1.34454265e+00,5.41956719e+00
3.50000000e-01,3.50000000e-01,1.48000000e+00,1.36155130e-03,1.24444729e+00,1.79115204e+00,8.80753736e-01,1.58690500e+00,3.22015340e+01,1.34454265e+00,5.41956719e+00
3.60000000e-01,3.60000000e-01,1.48000000e+00,1.39035470e-03,1.24444729e+00,1.79115204e+00,8.80753736e-01,1.58690500e+00,3.22015340e+01,1.34454265e+00,5.41956719e+00
3.70000000e-01,3.70000000e-01,1.48000000e+00,1.41858263e-03,1.24444729e+00,1.79115204e+00,8.80753736e-01,1.58690500e+00,3.22015340e+01,1.34454265e+00,5.41956719e+00
3.80000000e-01,3.80000000e-01,1.48000000e+00,1.44623527e-03,1.24444729e+00,1.79115204e+00,8.80753736e-01,1.58690500e+00,3.22015340e+01,1.34454265e+00,5.41956719e+00
3.90000000e-01,3.90000000e-01,1.48000000e+00,1.47331310e-03,1.24444729e+00,1.79115204e+00,8.80753736e-01,1.58690500e+00,3.22015340e+01,1.34454265e+00,5.41956719e+00
4.00000000e-01,4.00000000e-01,1.48000000e+00,1.49981690e-03,1.24444729e+00,1.79115204e+00,8.80753736e-01,1.58690500e+00,3.22015340e+01,1.34454265e+00,5.41956719e+00
4.10000000e-01,4.10000000e-01,1.48000000e+00,1.52574780e-03,1.24444729e+00,1.79115204e+00,8.80753736e-01,1.58690500e+00,3.22015340e+01,1.34454265e+00,5.41956719e+00
4.20000000e-01,4.20000000e-01,1.48000000e+00,1.55110728e-03,1.24444729e+00,1.79115204e+00,8.80753736e-01,1.58690500e+00,3.22015340e+01,1.34454265e+00,5.41956719e+00
4.30000000e-01,4.30000000e-01,1.48000000e+00,1.57589722e-03,1.24444729e+00,1.79115204e+00,8.80753736e-01,1.58690500e+00,3.22015340e+01,1.34454265e+00,5.41956719e+00
4.40000000e-01,4.40000000e-01,1.48000000e+00,1.60011991e-03,1.24444729e+00,1.79115204e+00,8.80753736e-01,1.58690500e+00,3.22015340e+01,1.34454265e+00,5.41956719e+00
4.50000000e-01,4.50000000e-01,1.48000000e+00,1.62377809e-03,1.24444729e+00,1.79115204e+00,8.80753736e-01,1.58690500e+00,3.22015340e+01,1.34454265e+00,5.41956719e+00
4.60000000e-01,4.60000000e-01,1.48000000e+00,1.64687497e-03,1.24444729e+00,1.79115204e+00,8.80753736e-01,1.58690500e+00,3.22015340e+01,1.34454265e+00,5.41956719e+00
4.70000000e-01,4.70000000e-01,1.48000000e+00,1.66941423e-03,1.24444729e+00,1.79115204e+00,8.80753736e-01,1.58690500e+00,3.22015340e+01,1.34454265e+00,5.41956719e+00
4.80000000e-01,4.80000000e-01,1.48000000e+00,1.69140008e-03,1.24444729e+00,1.79115204e+00,8.80753736e-01,1.58690500e+00,3.22015340e+01,1.34454265e+00,5.41956719e+00
4.90000000e-01,4.90000000e-01,1.48000000e+00,1.71283726e-03,1.24444729e+00,1.79115204e+00,8.80753736e-01,1.58690500e+00,3.22015340e+01,1.34454265e+00,5.41956719e+00
5.00000000e-01,5.00000000e-01,1.48000000e+00,1.73373101e-03,1.24444729e+00,1.79115204e+00,8.80753736e-01,1.58690500e+00,3.22015340e+01,1.34454265e+00,5.41956719e+00
5.10000000e-01,5.10000000e-01,1.48000000e+00,1.75408717e-03,1.24444729e+00,1.79115204e+00,8.80753736e-01,1.58690500e+00,3.22015340e+01,1.34454265e+00,5.41956719e+00
5.20000000e-01,5.20000000e-01,1.48000000e+00,1.77391210e-03,1.24444729e+00,1.79115204e+00,8.80753736e-01,1.58690500e+00,3.22015340e+01,1.34454265e+00,5.41956719e+00
5.30000000e-01,5.30000000e-01,1.48000000e+00,1.79321271e-03,1.24444729e+00,1.79115204e+00,8.80753736e-01,1.58690500e+00,3.22015340e+01,1.34454265e+00,5.41956719e+00
5.40000000e-01,5.40000000e-01,1.48000000e+00,1.81199648e-03,1.24444729e+00,1.79115204e+00,8.80753736e-01,1.58690500e+00,3.22015340e+01,1.34454265e+00,5.41956719e+00
5.50000000e-01,5.50000000e-01,1.48000000e+00,1.83027141e-03,1.24444729e+00,1.79115204e+00,8.80753736e-01,1.58690500e+00,3.22015340e+01,1.34454265e+00,5.41956719e+00
5.60000000e-01,5.60000000e-01,1.48000000e+00,1.84804603e-03,1.24444729e+00,1.79115204e+00,8.80753736e-01,1.58690500e+00,3.22015340e+01,1.34454265e+00,5.41956719e+00
5.70000000e-01,5.70000000e-01,1.48000000e+00,1.86532936e-03,1.24444729e+00,1.79115204e+00,8.80753736e-01,1.58690500e+00,3.22015340e+01,1.34454265e+00,5.41956719e+00
5.80000000e-01,5.80000000e-01,1.48000000e+00,1.88213091e-03,1.24444729e+00,1.79115204e+00,8.80753736e-01,1.58690500e+00,3.22015340e+01,1.34454265e+00,5.41956719e+00
5.90000000e-01,5.90000000e-01,1.48000000e+00,1.89846061e-03,1.24444729e+00,1.79115204e+00,8.80753736e-01,1.58690500e+00,3.22015340e+01,1.34454265e+00,5.41956719e+00
6.00000000e-01,6.00000000e-01,1.48000000e+00,1.91432881e-03,1.24444729e+00,1.79115204e+00,8.80753736e-01,1.58690500e+00,3.22015340e+01,1.34454265e+00,5.41956719e+00
6.10000000e-01,6.10000000e-01,1.48000000e+00,1.92974623e-03,1.24444729e+00,1.79115204e+00,8.80753736e-01,1.58690500e+00,3.22015340e+01,1.34454265e+00,5.41956719e+00
6.20000000e-01,6.20000000e-01,1.48000000e+00,1.94472390e-03,1.24444729e+00,1.79115204e+00,8.80753736e-01,1.58690500e+00,3.22015340e+01,1.34454265e+00,5.41956719e+00
6.30000000e-01,6.30000000e-01,1.48000000e+00,1.95927314e-03,1.24444729e+00,1.79115204e+00,8.80753736e-01,1.58690500e+00,3.22015340e+01,1.34454265e+00,5.41956719e+00
6.40000000e-01,6.40000000e-01,1.48000000e+00,1.97340550e-03,1.24444729e+00,1.79115204e+00,8.80753736e-01,1.58690500e+00,3.22015340e+01,1.34454265e+00,5.41956719e+00
6.50000000e-01,6.50000000e-01,1.48000000e+00,1.98713270e-03,1.24444729e+00,1.79115204e+00,8.80753736e-01,1.58690500e+00,3.22015340e+01,1.34454265e+00,5.41956719e+00
6.60000000e-01,6.60000000e-01,1.48000000e+00,2.00046660e-03,1.24444729e+00,1.79115204e+00,8.80753736e-01,1.58690500e+00,3.22015340e+01,1.34454265e+00,5.41956719e+00
6.70000000e-01,6.70000000e-01,1.48000000e+00,2.01341916e-03,1.24444729e+00,1.79115204e+00,8.80753736e-01,1.58690500e+00,3.22015340e+01,1.34454265e+00,5.41956719e+00
6.80000000e-01,6.80000000e-01,1.48000000e+00,2.02600236e-03,1.24444729e+00,1.79115204e+00,8.80753736e-01,1.58690500e+00,3.22015340e+01,1.34454265e+00,5.41956719e+00
6.90000000e-01,6.90000000e-01,1.48000000e+00,2.03822817e-03,1.24444729e+00,1.79115204e+00,8.80753736e-01,1.58690500e+00,3.22015340e+01,1.34454265e+00,5.41956719e+00
7.00000000e-01,7.00000000e-01,1.48000000e+00,2.05010852e-03,1.24444729e+00,1.79115204e+00,8.80753736e-01,1.58690500e+00,3.22015340e+01,1.34454265e+00,5.41956719e+00
7.10000000e-01,7.10000000e-01,1.48000000e+00,2.06165524e-03,1.24444729e+00,1.79115204e+00,8.80753736e-01,1.58690500e+00,3.22015340e+01,1.34454265e+00,5.41956719e+00
7.20000000e-01,7.20000000e-01,1.48000000e+00,2.07288005e-03,1.24444729e+00,1.79115204e+00,8.80753736e-01,1.58690500e+00,3.22015340e+01,1.34454265e+00,5.41956719e+00
7.30000000e-01,7.30000000e-01,1.48000000e+00,2.08379449e-03,1.24444729e+00,1.79115204e+00,8.80753736e-01,1.58690500e+00,3.22015340e+01,1.34454265e+00,5.41956719e+00
7.40000000e-01,7.40000000e-01,1.48000000e+00,2.09440991e-03,1.24444729e+00,1.79115204e+00,8.80753736e-01,1.58690500e+00,3.22015340e+01,1.34454265e+00,5.41956719e+00
7.50000000e-01,7.50000000e-01,1.48000000e+00,2.10473743e-03,1.24444729e+00,1.79115204e+00,8.80753736e-01,1.58690500e+00,3.22015340e+01,1.34454265e+00,5.41956719e+00
7.60000000e-01,7.60000000e-01,1.48000000e+00,2.11478794e-03,1.24444729e+00,1.79115204e+00,8.80753736e-01,1.58690500e+00,3.22015340e+01,1.34454265e+00,5.41956719e+00
7.70000000e-01,7.70000000e-01,1.48000000e+00,2.12457207e-03,1.24444729e+00,1.79115204e+00,8.80753736e-01,1.58690500e+00,3.22015340e+01,1.34454265e+00,5.41956719e+00
7.80000000e-01,7.80000000e-01,1.48000000e+00,2.13410014e-03,1.24444729e+00,1.79115204e+00,8.80753736e-01,1.58690500e+00,3.22015340e+01,1.34454265e+00,5.41956719e+00
7.90000000e-01,7.90000000e-01,1.48000000e+00,2.14338221e-03,1.24444729e+00,1.79115204e+00,8.80753736e-01,1.58690500e+00,3.22015340e+01,1.34454265e+00,5.41956719e+00
8.00000000e-01,8.00000000e-01,1.48000000e+00,2.15242802e-03,1.24444729e+00,1.79115204e+00,8.80753736e-01,1.58690500e+00,3.22015340e+01,1.34454265e+00,5.41956719e+00
8.10000000e-01,8.10000000e-01,1.48000000e+00,2.16124699e-03,1.24444729e+00,1.79115204e+00,8.80753736e-01,1.58690500e+00,3.22015340e+01,1.34454265e+00,5.41956719e+00
8.20000000e-01,8.20000000e-01,1.48000000e+00,2.16984823e-03,1.24444729e+00,1.79115204e+00,8.80753736e-01,1.58690500e+00,3.22015340e+01,1.34454265e+00,5.41956719e+00
8.30000000e-01,8.30000000e-01,1.48000000e+00,2.17824054e-03,1.24444729e+00,1.79115204e+00,8.80753736e-01,1.58690500e+00,3.22015340e+01,1.34454265e+00,5.41956719e+00
8.40000000e-01,8.40000000e-01,1.48000000e+00,2.18643239e-03,1.24444729e+00,1.79115204e+00,8.80753736e-01,1.58690500e+00,3.22015340e+01,1.34454265e+00,5.41956719e+00
8.50000000e-01,8.50000000e-01,1.48000000e+00,2.19443192e-03,1.24444729e+00,1.79115204e+00,8.80753736e-01,1.58690500e+00,3.22015340e+01,1.34454265e+00,5.41956719e+00
8.60000000e-01,8.60000000e-01,1.48000000e+00,2.20224698e-03,1.24444729e+00,1.79115204e+00,8.80753736e-01,1.58690500e+00,3.22015340e+01,1.34454265e+00,5.41956719e+00
8.70000000e-01,8.70000000e-01,1.48000000e+00,2.20988509e-03,1.24444729e+00,1.79115204e+00,8.80753736e-01,1.58690500e+00,3.22015340e+01,1.34454265e+00,5.41956719e+00
8.80000000e-01,8.80000000e-01,1.48000000e+00,2.21735347e-03,1.24444729e+00,1.79115204e+00,8.80753736e-01,1.58690500e+00,3.22015340e+01,1.34454265e+00,5.41956719e+00
8.90000000e-01,8.90000000e-01,1.48000000e+00,2.22465905e-03,1.24444729e+00,1.79115204e+00,8.80753736e-01,1.58690500e+00,3.22015340e+01,1.34454265e+00,5.41956719e+00
9.00000000e-01,9.00000000e-01,1.48000000e+00,2.23180845e-03,1.24444729e+00,1.79115204e+00,8.80753736e-01,1.58690500e+00,3.22015340e+01,1.34454265e+00,5.41956719e+00
9.10000000e-01,9.10000000e-01,1.48000000e+00,2.23880803e-03,1.24444729e+00,1.79115204e+00,8.80753736e-01,1.58690500e+00,3.22015340e+01,1.34454265e+00,5.41956719e+00
9.20000000e-01,9.20000000e-01,1.48000000e+00,2.24566385e-03,1.24444729e+00,1.79115204e+00,8.80753736e-01,1.58690500e+00,3.22015340e+01,1.34454265e+00,5.41956719e+00
9.30000000e-01,9.30000000e-01,1.48000000e+00,2.25238174e-03,1.24444729e+00,1.79115204e+00,8.80753736e-01,1.58690500e+00,3.22015340e+01,1.34454265e+00,5.41956719e+00
9.40000000e-01,9.40000000e-01,1.48000000e+00,2.25896723e-03,1.24444729e+00,1.79115204e+00,8.80753736e-01,1.58690500e+00,3.22015340e+01,1.34454265e+00,5.41956719e+00
9.50000000e-01,9.50000000e-01,1.48000000e+00,2.26542564e-03,1.24444729e+00,1.79115204e+00,8.80753736e-01,1.58690500e+00,3.22015340e+01,1.34454265e+00,5.41956719e+00
9.60000000e-01,9.60000000e-01,1.48000000e+00,2.27176203e-03,1.24444729e+00,1.79115204e+00,8.80753736e-01,1.58690500e+00,3.22015340e+01,1.34454265e+00,5.41956719e+00
9.70000000e-01,9.70000000e-01,1.48000000e+00,2.27798125e-03,1.24444729e+00,1.79115204e+00,8.80753736e-01,1.58690500e+00,3.22015340e+01,1.34454265e+00,5.41956719e+00
9.80000000e-01,9.80000000e-01,1.48000000e+00,2.28408792e-03,1.24444729e+00,1.79115204e+00,8.80753736e-01,1.58690500e+00,3.22015340e+01,1.34454265e+00,5.41956719e+00
9.90000000e-01,9.90000000e-01,1.48000000e+00,2.29008645e-03,1.24444729e+00,1.79115204e+00,8.80753736e-01,1.58690500e+00,3.22015340e+01,1.34454265e+00,5.41956719e+00
1.00000000e+00,1.00000000e+00,1.48000000e+00,2.29598105e-03,1.24444729e+00,1.79115204e+00,8.80753736e-01,1.58690500e+00,3.22015340e+01,1.34454265e+00,5.41956719e+00
1.01000000e+00,1.01000000e+00,1.48000000e+00,2.30177574e-03,1.24444729e+00,1.79115204e+00,8.80753736e-01,1.58690500e+00,3.22015340e+01,1.34454265e+00,5.41956719e+00
1.02000000e+00,1.02000000e+00,1.48000000e+00,2.30747438e-03,1.24444729e+00,1.79115204e+00,8.80753736e-01,1.58690500e+00,3.22015340e+01,1.34454265e+00,5.41956719e+00
1.03000000e+00,1.03000000e+00,1.48000000e+00,2.31308061e-03,1.24444729e+00,1.79115204e+00,8.80753736e-01,1.58690500e+00,3.22015340e+01,1.34454265e+00,5.41956719e+00
1.04000000e+00,1.04000000e+00,1.48000000e+00,2.31859794e-03,1.24444729e+00,1.79115204e+00,8.80753736e-01,1.58690500e+00,3.22015340e+01,1.34454265e+00,5.41956719e+00
1.05000000e+00,1.05000000e+00,1.48000000e+00,2.32402971e-03,1.24444729e+00,1.79115204e+00,8.80753736e-01,1.58690500e+00,3.22015340e+01,1.34454265e+00,5.41956719e+00
1.06000000e+00,1.06000000e+00,1.48000000e+00,2.32937910e-03,1.24444729e+00,1.79115204e+00,8.80753736e-01,1.58690500e+00,3.22015340e+01,1.34454265e+00,5.41956719e+00
1.07000000e+00,1.07000000e+00,1.48000000e+00,2.33464917e-03,1.24444729e+00,1.79115204e+00,8.80753736e-01,1.58690500e+00,3.22015340e+01,1.34454265e+00,5.41956719e+00
1.08000000e+00,1.08000000e+00,1.48000000e+00,2.33984282e-03,1.24444729e+00,1.79115204e+00,8.80753736e-01,1.58690500e+00,3.22015340e+01,1.34454265e+00,5.41956719e+00
1.09000000e+00,1.09000000e+00,1.48000000e+00,2.34496282e-03,1.24444729e+00,1.79115204e+00,8.80753736e-01,1.58690500e+00,3.22015340e+01,1.34454265e+00,5.41956719e+00
1.10000000e+00,1.10000000e+00,1.48000000e+00,2.35001184e-03,1.24444729e+00,1.79115204e+00,8.80753736e-01,1.58690500e+00,3.22015340e+01,1.34454265e+00,5.41956719e+00
1.11000000e+00,1.11000000e+00,1.48000000e+00,2.35499241e-03,1.24444729e+00,1.79115204e+00,8.80753736e-01,1.58690500e+00,3.22015340e+01,1.34454265e+00,5.41956719e+00
1.12000000e+00,1.12000000e+00,1.48000000e+00,2.35990695e-03,1.24444729e+00,1.79115204e+00,8.80753736e-01,1.58690500e+00,3.22015340e+01,1.34454265e+00,5.41956719e+00
1.13000000e+00,1.13000000e+00,1.48000000e+00,2.36475778e-03,1.24444729e+00,1.79115204e+00,8.80753736e-01,1.58690500e+00,3.22015340e+01,1.34454265e+00,5.41956719e+00
1.14000000e+00,1.14000000e+00,1.48000000e+00,2.36954711e-03,1.24444729e+00,1.79115204e+00,8.80753736e-01,1.58690500e+00,3.22015340e+01,1.34454265e+00,5.41956719e+00
1.15000000e+00,1.15000000e+00,1.48000000e+00,2.37427707e-03,1.24444729e+00,1.79115204e+00,8.80753736e-01,1.58690500e+00,3.22015340e+01,1.34454265e+00,5.41956719e+00
1.16000000e+00,1.16000000e+00,1.48000000e+00,2.37894968e-03,1.24444729e+00,1.79115204e+00,8.80753736e-01,1.58690500e+00,3.22015340e+01,1.34454265e+00,5.41956719e+00
1.17000000e+00,1.17000000e+00,1.48000000e+00,2.38356689e-03,1.24444729e+00,1.79115204e+00,8.80753736e-01,1.58690500e+00,3.22015340e+01,1.34454265e+00,5.41956719e+00
1.18000000e+00,1.18000000e+00,1.48000000e+00,2.38813054e-03,1.24444729e+00,1.79115204e+00,8.80753736e-01,1.58690500e+00,3.22015340e+01,1.34454265e+00,5.41956719e+00
1.19000000e+00,1.19000000e+00,1.48000000e+00,2.39264243e-03,1.24444729e+00,1.79115204e+00,8.80753736e-01,1.58690500e+00,3.22015340e+01,1.34454265e+00,5.41956719e+00
1.20000000e+00,1.20000000e+00,1.48000000e+00,2.39710424e-03,1.24444729e+00,1.79115204e+00,8.80753736e-01,1.58690500e+00,3.22015340e+01,1.34454265e+00,5.41956719e+00
1.21000000e+00,1.21000000e+00,1.48000000e+00,2.40151763e-03,1.24444729e+00,1.79115204e+00,8.80753736e-01,1.58690500e+00,3.22015340e+01,1.34454265e+00,5.41956719e+00
1.22000000e+00,1.22000000e+00,1.48000000e+00,2.40588414e-03,1.24444729e+00,1.79115204e+00,8.80753736e-01,1.58690500e+00,3.22015340e+01,1.34454265e+00,5.41956719e+00
1.23000000e+00,1.23000000e+00,1.48000000e+00,2.41020528e-03,1.24444729e+00,1.79115204e+00,8.80753736e-01,1.58690500e+00,3.22015340e+01,1.34454265e+00,5.41956719e+00
1.24000000e+00,1.24000000e+00,1.48000000e+00,2.41448249e-03,1.24444729e+00,1.79115204e+00,8.80753736e-01,1.58690500e+00,3.22015340e+01,1.34454265e+00,5.41956719e+00
1.25000000e+00,1.25000000e+00,1.48000000e+00,2.41871714e-03,1.24444729e+00,1.79115204e+00,8.80753736e-01,1.58690500e+00,3.22015340e+01,1.34454265e+00,5.41956719e+00
1.26000000e+00,1.26000000e+00,1.48000000e+00,2.42291056e-03,1.24444729e+00,1.79115204e+00,8.80753736e-01,1.58690500e+00,3.22015340e+01,1.34454265e+00,5.41956719e+00
1.27000000e+00,1.27000000e+00,1.48000000e+00,2.42706402e-03,1.24444729e+00,1.79115204e+00,8.80753736e-01,1.58690500e+00,3.22015340e+01,1.34454265e+00,5.41956719e+00
1.28000000e+00,1.28000000e+00,1.48000000e+00,2.43117875e-03,1.24444729e+00,1.79115204e+00,8.80753736e-01,1.58690500e+00,3.22015340e+01,1.34454265e+00,5.41956719e+00
1.29000000e+00,1.29000000e+00,1.48000000e+00,2.43525590e-03,1.24444729e+00,1.79115204e+00,8.80753736e-01,1.58690500e+00,3.22015340e+01,1.34454265e+00,5.41956719e+00
1.30000000e+00,1.30000000e+00,1.48000000e+00,2.43929661e-03,1.24444729e+00,1.79115204e+00,8.80753736e-01,1.58690500e+00,3.22015340e+01,1.34454265e+00,5.41956719e+00
1.31000000e+00,1.31000000e+00,1.48000000e+00,2.44330195e-03,1.24444729e+00,1.79115204e+00,8.80753736e-01,1.58690500e+00,3.22015340e+01,1.34454265e+00,5.41956719e+00
1.32000000e+00,1.32000000e+00,1.48000000e+00,2.44727297e-03,1.24444729e+00,1.79115204e+00,8.80753736e-01,1.58690500e+00,3.22015340e+01,1.34454265e+00,5.41956719e+00
1.33000000e+00,1.33000000e+00,1.48000000e+00,2.45121067e-03,1.24444729e+00,1.79115204e+00,8.80753736e-01,1.58690500e+00,3.22015340e+01,1.34454265e+00,5.41956719e+00
1.34000000e+00,1.34000000e+00,1.48000000e+00,2.45511601e-03,1.24444729e+00,1.79115204e+00,8.80753736e-01,1.58690500e+00,3.22015340e+01,1.34454265e+00,5.41956719e+00
1.35000000e+00,1.35000000e+00,1.48000000e+00,2.45898991e-03,1.24444729e+00,1.79115204e+00,8.80753736e-01,1.58690500e+00,3.22015340e+01,1.34454265e+00,5.41956719e+00
1.36000000e+00,1.36000000e+00,1.48000000e+00,2.46283327e-03,1.24444729e+00,1.79115204e+00,8.80753736e-01,1.58690500e+00,3.22015340e+01,1.34454265e+00,5.41956719e+00
1.37000000e+00,1.37000000e+00,1.48000000e+00,2.46664694e-03,1.24444729e+00,1.79115204e+00,8.80753736e-01,1.58690500e+00,3.22015340e+01,1.34454265e+00,5.41956719e+00
1.38000000e+00,1.38000000e+00,1.48000000e+00,2.47043175e-03,1.24444729e+00,1.79115204e+00,8.80753736e-01,1.58690500e+00,3.22015340e+01,1.34454265e+00,5.41956719e+00
1.39000000e+00,1.39000000e+00,1.48000000e+00,2.47418849e-03,1.24444729e+00,1.79115204e+00,8.80753736e-01,1.58690500e+00,3.22015340e+01,1.34454265e+00,5.41956719e+00
1.40000000e+00,1.40000000e+00,1.48000000e+00,2.47791794e-03,1.24444729e+00,1.79115204e+00,8.80753736e-01,1.58690500e+00,3.22015340e+01,1.34454265e+00,5.41956719e+00
1.41000000e+00,1.41000000e+00,1.48000000e+00,2.48162082e-03,1.24444729e+00,1.79115204e+00,8.80753736e-01,1.58690500e+00,3.22015340e+01,1.34454265e+00,5.41956719e+00
1.42000000e+00,1.42000000e+00,1.48000000e+00,2.48529786e-03,1.24444729e+00,1.79115204e+00,8.80753736e-01,1.58690500e+00,3.22015340e+01,1.34454265e+00,5.41956719e+00
1.43000000e+00,1.43000000e+00,1.48000000e+00,2.48894974e-03,1.24444729e+00,1.79115204e+00,8.80753736e-01,1.58690500e+00,3.22015340e+01,1.34454265e+00,5.41956719e+00
1.44000000e+00,1.44000000e+00,1.48000000e+00,2.49257712e-03,1.24444729e+00,1.79115204e+00,8.80753736e-01,1.58690500e+00,3.22015340e+01,1.34454265e+00,5.41956719e+00
1.45000000e+00,1.45000000e+00,1.48000000e+00,2.49618064e-03,1.24444729e+00,1.79115204e+00,8.80753736e-01,1.58690500e+00,3.22015340e+01,1.34454265e+00,5.41956719e+00
1.46000000e+00,1.46000000e+00,1.48000000e+00,2.49976093e-03,1.24444729e+00,1.79115204e+00,8.80753736e-01,1.58690500e+00,3.22015340e+01,1.34454265e+00,5.41956719e+00
1.47000000e+00,1.47000000e+00,1.48000000e+00,2.50331858e-03,1.24444729e+00,1.79115204e+00,8.80753736e-01,1.58690500e+00,3.22015340e+01,1.34454265e+00,5.41956719e+00
1.48000000e+00,1.48000000e+00,1.48000000e+00,2.50685416e-03,1.24444729e+00,1.79115204e+00,8.80753736e-01,1.58690500e+00,3.22015340e+01,1.34454265e+00,5.41956719e+00
1.49000000e+00,1.49000000e+00,1.48000000e+00,2.51036823e-03,1.24444729e+00,1.79115204e+00,8.80753736e-01,1.58690500e+00,3.22015340e+01,1.34454265e+00,5.41956719e+00
1.50000000e+00,1.50000000e+00,1.48000000e+00,2.51386133e-03,1.24444729e+00,1.79115204e+00,8.80753736e-01,1.58690500e+00,3.22015340e+01,1.34454265e+00,5.41956719e+00
1.51000000e+00,1.51000000e+00,1.48000000e+00,2.51733399e-03,1.24444729e+00,1.79115204e+00,8.80753736e-01,1.58690500e+00,3.22015340e+01,1.34454265e+00,5.41956719e+00
1.52000000e+00,1.52000000e+00,1.48000000e+00,2.52078669e-03,1.24444729e+00,1.79115204e+00,8.80753736e-01,1.58690500e+00,3.22015340e+01,1.34454265e+00,5.41956719e+00
1.53000000e+00,1.53000000e+00,1.48000000e+00,2.52421994e-03,1.24444729e+00,1.79115204e+00,8.80753736e-01,1.58690500e+00,3.22015340e+01,1.34454265e+00,5.41956719e+00
1.54000000e+00,1.54000000e+00,1.48000000e+00,2.52763420e-03,1.24444729e+00,1.79115204e+00,8.80753736e-01,1.58690500e+00,3.22015340e+01,1.34454265e+00,5.41956719e+00
1.55000000e+00,1.55000000e+00,1.48000000e+00,2.53102992e-03,1.24444729e+00,1.79115204e+00,8.80753736e-01,1.58690500e+00,3.22015340e+01,1.34454265e+00,5.41956719e+00
1.56000000e+00,1.56000000e+00,1.48000000e+00,2.53440756e-03,1.24444729e+00,1.79115204e+00,8.80753736e-01,1.58690500e+00,3.22015340e+01,1.34454265e+00,5.41956719e+00
1.57000000e+00,1.57000000e+00,1.48000000e+00,2.53776753e-03,1.24444729e+00,1.79115204e+00,8.80753736e-01,1.58690500e+00,3.22015340e+01,1.34454265e+00,5.41956719e+00
1.58000000e+00,1.58000000e+00,1.48000000e+00,2.54111024e-03,1.24444729e+00,1.79115204e+00,8.80753736e-01,1.58690500e+00,3.22015340e+01,1.34454265e+00,5.41956719e+00
1.59000000e+00,1.59000000e+00,1.48000000e+00,2.54443611e-03,1.24444729e+00,1.79115204e+00,8.80753736e-01,1.58690500e+00,3.22015340e+01,1.34454265e+00,5.41956719e+00
1.60000000e+00,1.60000000e+00,1.48000000e+00,2.54774551e-03,1.24444729e+00,1.79115204e+00,8.80753736e-01,1.58690500e+00,3.22015340e+01,1.34454265e+00,5.41956719e+00
1.61000000e+00,1.61000000e+00,1.48000000e+00,2.55103883e-03,1.24444729e+00,1.79115204e+00,8.80753736e-01,1.58690500e+00,3.22015340e+01,1.34454265e+00,5.41956719e+00
1.62000000e+00,1.62000000e+00,1.48000000e+00,2.55431643e-03,1.24444729e+00,1.79115204e+00,8.80753736e-01,1.58690500e+00,3.22015340e+01,1.34454265e+00,5.41956719e+00
1.63000000e+00,1.63000000e+00,1.48000000e+00,2.55757866e-03,1.24444729e+00,1.79115204e+00,8.80753736e-01,1.58690500e+00,3.22015340e+01,1.34454265e+00,5.41956719e+00
1.64000000e+00,1.64000000e+00,1.48000000e+00,2.56082586e-03,1.24444729e+00,1.79115204e+00,8.80753736e-01,1.58690500e+00,3.22015340e+01,1.34454265e+00,5.41956719e+00
1.65000000e+00,1.65000000e+00,1.48000000e+00,2.56405838e-03,1.24444729e+00,1.79115204e+00,8.80753736e-01,1.58690500e+00,3.22015340e+01,1.34454265e+00,5.41956719e+00
1.66000000e+00,1.66000000e+00,1.48000000e+00,2.56727652e-03,1.24444729e+00,1.79115204e+00,8.80753736e-01,1.58690500e+00,3.22015340e+01,1.34454265e+00,5.41956719e+00
1.67000000e+00,1.67000000e+00,1.48000000e+00,2.57048062e-03,1.24444729e+00,1.79115204e+00,8.80753736e-01,1.58690500e+00,3.22015340e+01,1.34454265e+00,5.41956719e+00
1.68000000e+00,1.68000000e+00,1.48000000e+00,2.57367096e-03,1.24444729e+00,1.79115204e+00,8.80753736e-01,1.58690500e+00,3.22015340e+01,1.34454265e+00,5.41956719e+00
1.69000000e+00,1.69000000e+00,1.48000000e+00,2.57684784e-03,1.24444729e+00,1.79115204e+00,8.80753736e-01,1.58690500e+00,3.22015340e+01,1.34454265e+00,5.41956719e+00
1.70000000e+00,1.70000000e+00,1.48000000e+00,2.58001157e-03,1.24444729e+00,1.79115204e+00,8.80753736e-01,1.58690500e+00,3.22015340e+01,1.34454265e+00,5.41956719e+00
1.71000000e+00,1.71000000e+00,1.48000000e+00,2.58316240e-03,1.24444729e+00,1.79115204e+00,8.80753736e-01,1.58690500e+00,3.22015340e+01,1.34454265e+00,5.41956719e+00
1.72000000e+00,1.72000000e+00,1.48000000e+00,2.58630062e-03,1.24444729e+00,1.79115204e+00,8.80753736e-01,1.58690500e+00,3.22015340e+01,1.34454265e+00,5.41956719e+00
1.73000000e+00,1.73000000e+00,1.48000000e+00,2.58942648e-03,1.24444729e+00,1.79115204e+00,8.80753736e-01,1.58690500e+00,3.22015340e+01,1.34454265e+00,5.41956719e+00
1.74000000e+00,1.74000000e+00,1.48000000e+00,2.59254025e-03,1.24444729e+00,1.79115204e+00,8.80753736e-01,1.58690500e+00,3.22015340e+01,1.34454265e+00,5.41956719e+00
1.75000000e+00,1.75000000e+00,1.48000000e+00,2.59564218e-03,1.24444729e+00,1.79115204e+00,8.80753736e-01,1.58690500e+00,3.22015340e+01,1.34454265e+00,5.41956719e+00
1.76000000e+00,1.76000000e+00,1.48000000e+00,2.59873250e-03,1.24444729e+00,1.79115204e+00,8.80753736e-01,1.58690500e+00,3.22015340e+01,1.34454265e+00,5.41956719e+00
1.77000000e+00,1.77000000e+00,1.48000000e+00,2.60181146e-03,1.24444729e+00,1.79115204e+00,8.80753736e-01,1.58690500e+00,3.22015340e+01,1.34454265e+00,5.41956719e+00
1.78000000e+00,1.78000000e+00,1.48000000e+00,2.60487928e-03,1.24444729e+00,1.79115204e+00,8.80753736e-01,1.58690500e+00,3.22015340e+01,1.34454265e+00,5.41956719e+00
1.79000000e+00,1.79000000e+00,1.48000000e+00,2.60793619e-03,1.24444729e+00,1.79115204e+00,8.80753736e-01,1.58690500e+00,3.22015340e+01,1.34454265e+00,5.41956719e+00
1.80000000e+00,1.80000000e+00,1.48000000e+00,2.61098241e-03,1.24444729e+00,1.79115204e+00,8.80753736e-01,1.58690500e+00,3.22015340e+01,1.34454265e+00,5.41956719e+00
1.81000000e+00,1.81000000e+00,1.48000000e+00,2.61401815e-03,1.24444729e+00,1.79115204e+00,8.80753736e-01,1.58690500e+00,3.22015340e+01,1.34454265e+00,5.41956719e+00
1.82000000e+00,1.82000000e+00,1.48000000e+00,2.61704363e-03,1.24444729e+00,1.79115204e+00,8.80753736e-01,1.58690500e+00,3.22015340e+01,1.34454265e+00,5.41956719e+00
1.83000000e+00,1.83000000e+00,1.48000000e+00,2.62005904e-03,1.24444729e+00,1.79115204e+00,8.80753736e-01,1.58690500e+00,3.22015340e+01,1.34454265e+00,5.41956719e+00
1.84000000e+00,1.84000000e+00,1.48000000e+00,2.62306458e-03,1.24444729e+00,1.79115204e+00,8.80753736e-01,1.58690500e+00,3.22015340e+01,1.34454265e+00,5.41956719e+00
1.85000000e+00,1.85000000e+00,1.48000000e+00,2.62606046e-03,1.24444729e+00,1.79115204e+00,8.80753736e-01,1.58690500e+00,3.22015340e+01,1.34454265e+00,5.41956719e+00
